ID,Row,Column,Area,BaseLandUseType,CarbonMax,CarbonMin,Cattle,CornYield,DrainageClass,Erosion,FloodFrequency,Group,NitratesPPM,Pindex,Sediment,SoilType,SoybeanYield,StreamNetwork,Subwatershed,Timber,Topography,WatershedNitrogenContribution,Wetland,CurrentLandUse,NoahCurrentLandUse
1,1,1,10,1,18980,486,17.5,2080,30,2.2,0,,1,57.2,1.636904762,A,60.32,0,1,2750,2,0.000203874,0,14,13
2,1,2,0,0,NA,NA,NA,NA,NA,NA,NA,NA,NA,NA,NA,0,NA,NA,0,NA,0,NA,NA,0,0
3,1,3,0,0,NA,NA,NA,NA,NA,NA,NA,NA,NA,NA,NA,0,NA,NA,0,NA,0,NA,NA,0,0
4,1,4,0,0,NA,NA,NA,NA,NA,NA,NA,NA,NA,NA,NA,0,NA,NA,0,NA,0,NA,NA,0,0
5,1,5,0,0,NA,NA,NA,NA,NA,NA,NA,NA,NA,NA,NA,0,NA,NA,0,NA,0,NA,NA,0,0
6,1,6,0,0,NA,NA,NA,NA,NA,NA,NA,NA,NA,NA,NA,0,NA,NA,0,NA,0,NA,NA,0,0
7,1,7,0,0,NA,NA,NA,NA,NA,NA,NA,NA,NA,NA,NA,0,NA,NA,0,NA,0,NA,NA,0,0
8,1,8,0,0,NA,NA,NA,NA,NA,NA,NA,NA,NA,NA,NA,0,NA,NA,0,NA,0,NA,NA,0,0
9,1,9,0,0,NA,NA,NA,NA,NA,NA,NA,NA,NA,NA,NA,0,NA,NA,0,NA,0,NA,NA,0,0
10,1,10,0,0,NA,NA,NA,NA,NA,NA,NA,NA,NA,NA,NA,0,NA,NA,0,NA,0,NA,NA,0,0
11,1,11,0,0,NA,NA,NA,NA,NA,NA,NA,NA,NA,NA,NA,0,NA,NA,0,NA,0,NA,NA,0,0
12,1,12,10,1,18980,486,17.5,2210,30,2.2,0, ,3,23.6,1.636904762,M,64.09,0,3,2750,3,0.000611621,0,4,7
13,1,13,0,0,NA,NA,NA,NA,NA,NA,NA,NA,NA,NA,NA,0,NA,NA,0,NA,0,NA,NA,0,0
14,1,14,0,0,NA,NA,NA,NA,NA,NA,NA,NA,NA,NA,NA,0,NA,NA,0,NA,0,NA,NA,0,0
15,1,15,0,0,NA,NA,NA,NA,NA,NA,NA,NA,NA,NA,NA,0,NA,NA,0,NA,0,NA,NA,0,0
16,1,16,0,0,NA,NA,NA,NA,NA,NA,NA,NA,NA,NA,NA,0,NA,NA,0,NA,0,NA,NA,0,0
17,1,17,0,0,NA,NA,NA,NA,NA,NA,NA,NA,NA,NA,NA,0,NA,NA,0,NA,0,NA,NA,0,0
18,1,18,0,0,NA,NA,NA,NA,NA,NA,NA,NA,NA,NA,NA,0,NA,NA,0,NA,0,NA,NA,0,0
19,1,19,0,0,NA,NA,NA,NA,NA,NA,NA,NA,NA,NA,NA,0,NA,NA,0,NA,0,NA,NA,0,0
20,1,20,0,0,NA,NA,NA,NA,NA,NA,NA,NA,NA,NA,NA,0,NA,NA,0,NA,0,NA,NA,0,0
21,1,21,0,0,NA,NA,NA,NA,NA,NA,NA,NA,NA,NA,NA,0,NA,NA,0,NA,0,NA,NA,0,0
22,1,22,0,0,NA,NA,NA,NA,NA,NA,NA,NA,NA,NA,NA,0,NA,NA,0,NA,0,NA,NA,0,0
23,1,23,0,0,NA,NA,NA,NA,NA,NA,NA,NA,NA,NA,NA,0,NA,NA,0,NA,0,NA,NA,0,0
24,2,1,10,1,18980,486,17.5,2080,30,2.2,0, ,1,57.2,1.636904762,A,60.32,0,1,2750,2,0.000203874,0,11,4
25,2,2,10,1,18980,486,17.5,2080,30,2.2,0, ,1,57.2,1.636904762,A,60.32,0,1,2750,2,0.000203874,0,6,9
26,2,3,0,0,NA,NA,NA,NA,NA,NA,NA,NA,NA,NA,NA,0,NA,NA,0,NA,0,NA,NA,0,0
27,2,4,0,0,NA,NA,NA,NA,NA,NA,NA,NA,NA,NA,NA,0,NA,NA,0,NA,0,NA,NA,0,0
28,2,5,10,1,18980,486,17.5,2080,30,2.2,0, ,1,57.2,1.636904762,A,60.32,0,1,2750,2,0.000203874,0,4,13
29,2,6,10,1,18980,486,17.5,2080,30,2.2,0, ,1,57.2,1.636904762,A,60.32,0,1,2750,2,0.000203874,0,1,4
30,2,7,0,0,NA,NA,NA,NA,NA,NA,NA,NA,NA,NA,NA,0,NA,NA,0,NA,0,NA,NA,0,0
31,2,8,10,1,18980,486,17.5,2080,30,2.2,0, ,1,57.2,1.636904762,A,60.32,0,1,2750,3,0.000203874,0,4,13
32,2,9,0,0,NA,NA,NA,NA,NA,NA,NA,NA,NA,NA,NA,0,NA,NA,0,NA,0,NA,NA,0,0
33,2,10,0,0,NA,NA,NA,NA,NA,NA,NA,NA,NA,NA,NA,0,NA,NA,0,NA,0,NA,NA,0,0
34,2,11,0,0,NA,NA,NA,NA,NA,NA,NA,NA,NA,NA,NA,0,NA,NA,0,NA,0,NA,NA,0,0
35,2,12,10,1,18980,486,17.5,2210,30,2.2,0, ,3,23.6,1.636904762,M,64.09,0,3,2750,3,0.000611621,0,10,6
36,2,13,10,1,18980,486,17.5,2210,30,2.2,0, ,3,23.6,1.636904762,M,64.09,0,3,2750,3,0.000611621,0,14,11
37,2,14,10,1,18980,486,17.5,2210,30,2.2,0, ,3,23.6,1.636904762,M,64.09,0,3,2750,3,0.000611621,0,12,6
38,2,15,0,0,NA,NA,NA,NA,NA,NA,NA,NA,NA,NA,NA,0,NA,NA,0,NA,0,NA,NA,0,0
39,2,16,0,0,NA,NA,NA,NA,NA,NA,NA,NA,NA,NA,NA,0,NA,NA,0,NA,0,NA,NA,0,0
40,2,17,0,0,NA,NA,NA,NA,NA,NA,NA,NA,NA,NA,NA,0,NA,NA,0,NA,0,NA,NA,0,0
41,2,18,0,0,NA,NA,NA,NA,NA,NA,NA,NA,NA,NA,NA,0,NA,NA,0,NA,0,NA,NA,0,0
42,2,19,0,0,NA,NA,NA,NA,NA,NA,NA,NA,NA,NA,NA,0,NA,NA,0,NA,0,NA,NA,0,0
43,2,20,0,0,NA,NA,NA,NA,NA,NA,NA,NA,NA,NA,NA,0,NA,NA,0,NA,0,NA,NA,0,0
44,2,21,0,0,NA,NA,NA,NA,NA,NA,NA,NA,NA,NA,NA,0,NA,NA,0,NA,0,NA,NA,0,0
45,2,22,0,0,NA,NA,NA,NA,NA,NA,NA,NA,NA,NA,NA,0,NA,NA,0,NA,0,NA,NA,0,0
46,2,23,0,0,NA,NA,NA,NA,NA,NA,NA,NA,NA,NA,NA,0,NA,NA,0,NA,0,NA,NA,0,0
47,3,1,10,1,18980,486,17.5,2080,30,2.2,0, ,1,57.2,1.636904762,A,60.32,0,1,2750,2,0.000203874,0,12,1
48,3,2,10,1,18980,486,17.5,2080,30,2.2,0, ,1,57.2,1.636904762,A,60.32,0,1,2750,2,0.000203874,0,6,10
49,3,3,10,1,18980,486,17.5,2080,30,2.2,0, ,1,57.2,1.636904762,A,60.32,0,1,2750,2,0.000203874,0,14,7
50,3,4,10,1,18980,486,17.5,2080,30,2.2,0, ,1,57.2,1.636904762,A,60.32,0,1,2750,2,0.000203874,0,2,14
51,3,5,10,1,18980,486,17.5,2280,50,1.5,0, ,1,57.2,1.116071429,N,66.12,0,1,1750,1,0.000203874,0,5,15
52,3,6,10,1,18980,486,17.5,2080,30,2.2,0, ,1,57.2,1.636904762,A,60.32,0,1,2750,2,0.000203874,0,12,2
53,3,7,10,1,18980,486,17.5,2080,30,2.2,0, ,1,57.2,1.636904762,A,60.32,0,1,2750,3,0.000203874,0,12,1
54,3,8,10,1,18980,486,17.5,2280,50,1.5,0, ,1,57.2,1.116071429,N,66.12,0,1,1750,2,0.000203874,0,4,3
55,3,9,10,1,18980,486,17.5,2080,30,2.2,0, ,1,57.2,1.636904762,A,60.32,0,1,2750,3,0.000203874,0,13,2
56,3,10,10,1,18980,486,17.5,2210,30,2.2,0, ,3,23.6,1.636904762,M,64.09,0,3,2750,3,0.000611621,0,4,10
57,3,11,10,1,18980,486,17.5,2210,30,2.2,0, ,3,23.6,1.636904762,M,64.09,0,3,2750,3,0.000611621,0,3,2
58,3,12,10,1,18980,486,17.5,2350,30,1.5,0, ,3,23.6,1.116071429,Q,68.15,0,3,2750,2,0.000611621,0,9,10
59,3,13,10,1,18980,486,17.5,2210,30,2.2,0, ,3,23.6,1.636904762,M,64.09,0,3,2750,3,0.000611621,0,7,12
60,3,14,10,1,18980,486,17.5,2210,30,2.2,0, ,3,23.6,1.636904762,M,64.09,0,3,2750,3,0.000611621,0,1,9
61,3,15,10,1,18980,486,17.5,2210,30,2.2,0, ,3,23.6,1.636904762,M,64.09,0,3,2750,3,0.000611621,0,10,2
62,3,16,10,1,18980,486,17.5,0,45,4.1,0, ,3,23.6,3.050595238,G,0,0,3,2450,5,0.000611621,0,12,2
63,3,17,10,1,18980,486,17.5,0,45,4.1,0, ,5,23.6,3.050595238,G,0,0,5,2450,5,0.001019368,0,2,11
64,3,18,0,0,NA,NA,NA,NA,NA,NA,NA,NA,NA,NA,NA,0,NA,NA,0,NA,0,NA,NA,0,0
65,3,19,0,0,NA,NA,NA,NA,NA,NA,NA,NA,NA,NA,NA,0,NA,NA,0,NA,0,NA,NA,0,0
66,3,20,0,0,NA,NA,NA,NA,NA,NA,NA,NA,NA,NA,NA,0,NA,NA,0,NA,0,NA,NA,0,0
67,3,21,0,0,NA,NA,NA,NA,NA,NA,NA,NA,NA,NA,NA,0,NA,NA,0,NA,0,NA,NA,0,0
68,3,22,0,0,NA,NA,NA,NA,NA,NA,NA,NA,NA,NA,NA,0,NA,NA,0,NA,0,NA,NA,0,0
69,3,23,0,0,NA,NA,NA,NA,NA,NA,NA,NA,NA,NA,NA,0,NA,NA,0,NA,0,NA,NA,0,0
70,4,1,10,1,18980,486,17.5,2080,30,2.2,0, ,1,57.2,1.636904762,A,60.32,0,1,2750,3,0.000203874,0,8,9
71,4,2,10,1,18980,486,17.5,2080,30,2.2,0, ,1,57.2,1.636904762,A,60.32,0,1,2750,3,0.000203874,0,3,7
72,4,3,10,1,18980,486,17.5,2280,50,1.5,0, ,1,57.2,1.116071429,N,66.12,0,1,1750,1,0.000203874,0,12,11
73,4,4,10,1,18980,486,17.5,2140,60,0.8,0, ,1,57.2,0.595238095,C,62.06,0,1,850,1,0.000203874,0,3,11
74,4,5,10,1,18980,486,17.5,2280,50,1.5,0, ,1,57.2,1.116071429,N,66.12,0,1,1750,2,0.000203874,0,14,12
75,4,6,10,1,18980,486,17.5,2080,30,2.2,0, ,1,57.2,1.636904762,A,60.32,0,1,2750,3,0.000203874,0,14,5
76,4,7,10,1,18980,486,17.5,2080,30,2.2,0, ,1,57.2,1.636904762,A,60.32,0,1,2750,3,0.000203874,0,4,2
77,4,8,10,1,18980,486,17.5,2140,60,0.8,0, ,1,57.2,0.595238095,C,62.06,0,1,850,1,0.000203874,0,13,15
78,4,9,10,1,18980,486,17.5,2280,50,1.5,0, ,1,57.2,1.116071429,N,66.12,0,1,1750,2,0.000203874,0,3,2
79,4,10,10,1,18980,486,17.5,2080,30,1.5,0, ,2,23.6,1.116071429,A,60.32,0,3,2750,2,0.000407747,0,1,8
80,4,11,10,1,18980,486,17.5,2210,30,2.2,0, ,3,23.6,1.636904762,M,64.09,0,3,2750,3,0.000611621,0,12,11
81,4,12,10,1,18980,486,17.5,2350,30,1.5,0, ,3,23.6,1.116071429,Q,68.15,0,3,2750,2,0.000611621,0,13,14
82,4,13,10,1,18980,486,17.5,2210,30,2.2,0, ,3,23.6,1.636904762,M,64.09,0,3,2750,3,0.000611621,0,2,6
83,4,14,10,1,18980,486,17.5,2210,30,2.2,0, ,3,23.6,1.636904762,M,64.09,0,3,2750,3,0.000611621,0,3,3
84,4,15,10,1,18980,486,17.5,2060,30,3.9,0, ,3,23.6,2.901785714,D,59.74,0,3,2750,4,0.000611621,0,3,6
85,4,16,10,1,18980,486,17.5,0,45,4.1,0, ,3,23.6,3.050595238,G,0,0,3,2450,5,0.000611621,0,10,9
86,4,17,10,1,18980,486,17.5,0,45,4.1,0, ,5,23.6,3.050595238,G,0,0,5,2450,5,0.001019368,0,4,7
87,4,18,0,0,NA,NA,NA,NA,NA,NA,NA,NA,NA,NA,NA,0,NA,NA,0,NA,0,NA,NA,0,0
88,4,19,0,0,NA,NA,NA,NA,NA,NA,NA,NA,NA,NA,NA,0,NA,NA,0,NA,0,NA,NA,0,0
89,4,20,0,0,NA,NA,NA,NA,NA,NA,NA,NA,NA,NA,NA,0,NA,NA,0,NA,0,NA,NA,0,0
90,4,21,0,0,NA,NA,NA,NA,NA,NA,NA,NA,NA,NA,NA,0,NA,NA,0,NA,0,NA,NA,0,0
91,4,22,0,0,NA,NA,NA,NA,NA,NA,NA,NA,NA,NA,NA,0,NA,NA,0,NA,0,NA,NA,0,0
92,4,23,0,0,NA,NA,NA,NA,NA,NA,NA,NA,NA,NA,NA,0,NA,NA,0,NA,0,NA,NA,0,0
93,5,1,0,0,NA,NA,NA,NA,NA,NA,NA,NA,NA,NA,NA,0,NA,NA,0,NA,0,NA,NA,0,0
94,5,2,10,1,18980,486,17.5,2080,30,2.2,0, ,1,57.2,1.636904762,A,60.32,0,1,2750,3,0.000203874,0,14,11
95,5,3,10,1,18980,486,17.5,2280,50,1.5,0, ,1,57.2,1.116071429,N,66.12,0,1,1750,2,0.000203874,0,12,10
96,5,4,10,1,18980,486,17.5,2140,60,0.8,0, ,1,57.2,0.595238095,C,62.06,0,1,850,1,0.000203874,0,7,11
97,5,5,10,1,18980,486,17.5,2280,50,1.5,0, ,1,57.2,1.116071429,N,66.12,0,1,1750,2,0.000203874,0,9,14
98,5,6,10,1,18980,486,17.5,2280,50,1.5,0, ,1,57.2,1.116071429,N,66.12,0,1,1750,2,0.000203874,0,2,13
99,5,7,10,1,18980,486,17.5,2280,50,1.5,0, ,1,57.2,1.116071429,N,66.12,0,1,1750,2,0.000203874,0,8,5
100,5,8,10,1,18980,486,17.5,2140,60,0.8,0, ,1,57.2,0.595238095,C,62.06,0,1,850,1,0.000203874,0,13,12
101,5,9,10,1,18980,486,17.5,2280,50,0.8,0, ,1,57.2,0.595238095,N,66.12,0,1,1750,1,0.000203874,0,6,7
102,5,10,10,1,18980,486,17.5,2080,30,1.5,0, ,1,23.6,1.116071429,A,60.32,0,1,2750,2,0.000203874,0,9,2
103,5,11,10,1,18980,486,17.5,2350,30,1.5,0, ,3,23.6,1.116071429,Q,68.15,0,3,2750,2,0.000611621,0,5,3
104,5,12,10,1,18980,486,17.5,2210,30,2.2,0, ,3,23.6,1.636904762,M,64.09,0,3,2750,3,0.000611621,0,15,7
105,5,13,10,1,18980,486,17.5,2210,30,2.2,0, ,3,23.6,1.636904762,M,64.09,0,3,2750,3,0.000611621,0,9,9
106,5,14,10,1,18980,486,17.5,2060,30,3.9,0, ,3,23.6,2.901785714,D,59.74,0,3,2750,4,0.000611621,0,11,7
107,5,15,10,1,18980,486,17.5,2060,30,3.9,0, ,3,23.6,2.901785714,D,59.74,0,3,2750,4,0.000611621,0,9,5
108,5,16,10,1,18980,486,17.5,0,45,4.1,0, ,5,23.6,3.050595238,G,0,0,5,2450,5,0.001019368,0,12,11
109,5,17,10,1,18980,486,17.5,2210,30,2.2,0, ,5,23.6,1.636904762,M,64.09,0,5,2750,3,0.001019368,0,10,4
110,5,18,0,0,NA,NA,NA,NA,NA,NA,NA,NA,NA,NA,NA,0,NA,NA,0,NA,0,NA,NA,0,0
111,5,19,0,0,NA,NA,NA,NA,NA,NA,NA,NA,NA,NA,NA,0,NA,NA,0,NA,0,NA,NA,0,0
112,5,20,0,0,NA,NA,NA,NA,NA,NA,NA,NA,NA,NA,NA,0,NA,NA,0,NA,0,NA,NA,0,0
113,5,21,0,0,NA,NA,NA,NA,NA,NA,NA,NA,NA,NA,NA,0,NA,NA,0,NA,0,NA,NA,0,0
114,5,22,0,0,NA,NA,NA,NA,NA,NA,NA,NA,NA,NA,NA,0,NA,NA,0,NA,0,NA,NA,0,0
115,5,23,0,0,NA,NA,NA,NA,NA,NA,NA,NA,NA,NA,NA,0,NA,NA,0,NA,0,NA,NA,0,0
116,6,1,0,0,NA,NA,NA,NA,NA,NA,NA,NA,NA,NA,NA,0,NA,NA,0,NA,0,NA,NA,0,0
117,6,2,10,1,18980,486,17.5,2280,50,1.5,0, ,1,57.2,1.116071429,N,66.12,0,1,1750,2,0.000203874,0,13,10
118,6,3,10,1,18980,486,17.5,2280,50,1.5,0, ,1,57.2,1.116071429,N,66.12,0,1,1750,2,0.000203874,0,1,4
119,6,4,10,1,18980,486,17.5,2140,60,0.8,0, ,1,57.2,0.595238095,C,62.06,0,1,850,1,0.000203874,0,9,6
120,6,5,10,1,18980,486,17.5,2140,60,0.8,0, ,1,57.2,0.595238095,C,62.06,0,1,850,1,0.000203874,0,2,11
121,6,6,10,1,18980,486,17.5,2140,60,0.8,0, ,1,57.2,0.595238095,C,62.06,0,1,850,1,0.000203874,0,2,9
122,6,7,10,1,18980,486,17.5,2280,50,1.5,0, ,1,57.2,1.116071429,N,66.12,0,1,1750,2,0.000203874,0,5,9
123,6,8,10,1,18980,486,17.5,2280,50,1.5,0, ,1,57.2,1.116071429,N,66.12,0,1,1750,2,0.000203874,0,7,14
124,6,9,10,1,18980,486,17.5,2280,50,1.5,0, ,1,57.2,1.116071429,N,66.12,0,1,1750,2,0.000203874,0,2,14
125,6,10,10,1,18980,486,17.5,2350,30,1.5,0, ,1,23.6,1.116071429,Q,68.15,0,1,2750,2,0.000203874,0,13,11
126,6,11,10,1,18980,486,17.5,2080,30,2.2,0, ,3,23.6,1.636904762,A,60.32,0,3,2750,3,0.000611621,0,13,1
127,6,12,10,1,18980,486,17.5,2080,30,2.2,0, ,3,23.6,1.636904762,A,60.32,0,3,2750,3,0.000611621,0,8,2
128,6,13,10,1,18980,486,17.5,2210,30,2.2,0, ,3,23.6,1.636904762,M,64.09,0,3,2750,3,0.000611621,0,3,4
129,6,14,10,1,18980,486,17.5,2060,30,3.9,0, ,3,23.6,2.901785714,D,59.74,0,3,2750,4,0.000611621,0,13,12
130,6,15,10,1,18980,486,17.5,0,45,4.1,0, ,5,23.6,3.050595238,G,0,0,5,2450,5,0.001019368,0,5,7
131,6,16,10,1,18980,486,17.5,2060,30,3.9,0, ,5,23.6,2.901785714,D,59.74,0,5,2750,4,0.001019368,0,1,13
132,6,17,10,1,18980,486,17.5,2210,30,2.2,0, ,5,23.6,1.636904762,M,64.09,0,5,2750,3,0.001019368,0,4,13
133,6,18,0,0,NA,NA,NA,NA,NA,NA,NA,NA,NA,NA,NA,0,NA,NA,0,NA,0,NA,NA,0,0
134,6,19,0,0,NA,NA,NA,NA,NA,NA,NA,NA,NA,NA,NA,0,NA,NA,0,NA,0,NA,NA,0,0
135,6,20,0,0,NA,NA,NA,NA,NA,NA,NA,NA,NA,NA,NA,0,NA,NA,0,NA,0,NA,NA,0,0
136,6,21,0,0,NA,NA,NA,NA,NA,NA,NA,NA,NA,NA,NA,0,NA,NA,0,NA,0,NA,NA,0,0
137,6,22,0,0,NA,NA,NA,NA,NA,NA,NA,NA,NA,NA,NA,0,NA,NA,0,NA,0,NA,NA,0,0
138,6,23,0,0,NA,NA,NA,NA,NA,NA,NA,NA,NA,NA,NA,0,NA,NA,0,NA,0,NA,NA,0,0
139,7,1,10,1,18980,486,17.5,2280,50,1.5,0, ,1,57.2,1.116071429,N,66.12,0,1,1750,1,0.000203874,0,6,6
140,7,2,10,1,18980,486,17.5,2140,60,0.8,0, ,1,57.2,0.595238095,C,62.06,0,1,850,1,0.000203874,0,7,4
141,7,3,10,1,18980,486,17.5,2140,60,0.8,0, ,1,57.2,0.595238095,C,62.06,0,1,850,1,0.000203874,0,3,12
142,7,4,10,1,18980,486,17.5,2280,50,1.5,0, ,1,57.2,1.116071429,N,66.12,0,1,1750,2,0.000203874,0,6,3
143,7,5,10,1,18980,486,17.5,2140,60,0.8,0, ,2,57.2,0.595238095,C,62.06,0,2,850,1,0.000407747,0,6,5
144,7,6,10,1,18980,486,17.5,2140,60,0.8,0, ,2,57.2,0.595238095,C,62.06,0,2,850,1,0.000407747,0,11,6
145,7,7,10,1,18980,486,17.5,2140,60,0.8,0, ,1,57.2,0.595238095,C,62.06,0,1,850,1,0.000203874,0,8,11
146,7,8,10,1,18980,486,17.5,2140,60,0.8,0, ,1,57.2,0.595238095,C,62.06,0,1,850,1,0.000203874,0,3,13
147,7,9,10,1,18980,486,17.5,2280,50,1.5,0, ,1,57.2,1.116071429,N,66.12,0,1,1750,2,0.000203874,0,1,12
148,7,10,10,1,18980,486,17.5,2280,50,1.5,0, ,3,23.6,1.116071429,N,66.12,0,3,1750,2,0.000611621,0,2,11
149,7,11,10,1,18980,486,17.5,2080,30,2.2,0, ,3,23.6,1.636904762,A,60.32,0,3,2750,3,0.000611621,0,4,8
150,7,12,10,1,18980,486,17.5,2000,60,1.5,0, ,3,23.6,1.116071429,K,58,0,3,1300,2,0.000611621,0,4,14
151,7,13,10,1,18980,486,17.5,2000,60,1.5,0, ,3,23.6,1.116071429,K,58,0,3,1300,2,0.000611621,0,2,4
152,7,14,10,1,18980,486,17.5,2060,30,3.9,0, ,3,23.6,2.901785714,D,59.74,0,3,2750,4,0.000611621,0,9,14
153,7,15,10,1,18980,486,17.5,0,45,4.1,0, ,5,23.6,3.050595238,G,0,0,5,2450,5,0.001019368,0,5,11
154,7,16,10,1,18980,486,17.5,2060,30,3.9,0, ,5,23.6,2.901785714,D,59.74,0,5,2750,4,0.001019368,0,10,5
155,7,17,10,1,18980,486,17.5,2210,30,2.2,0, ,5,23.6,1.636904762,M,64.09,0,5,2750,3,0.001019368,0,9,9
156,7,18,10,1,18980,486,17.5,2350,30,1.5,0, ,5,23.6,1.116071429,Q,68.15,0,5,2750,2,0.001019368,0,9,11
157,7,19,10,1,18980,486,17.5,2350,30,1.5,0, ,5,23.6,1.116071429,Q,68.15,0,5,2750,2,0.001019368,0,6,3
158,7,20,10,1,18980,486,17.5,2060,30,3.9,0, ,5,23.6,2.901785714,D,59.74,0,5,2750,4,0.001019368,0,8,15
159,7,21,10,1,18980,486,17.5,0,45,4.1,0, ,5,23.6,3.050595238,G,0,0,5,2450,5,0.001019368,0,6,9
160,7,22,0,0,NA,NA,NA,NA,NA,NA,NA,NA,NA,NA,NA,0,NA,NA,0,NA,0,NA,NA,0,0
161,7,23,0,0,NA,NA,NA,NA,NA,NA,NA,NA,NA,NA,NA,0,NA,NA,0,NA,0,NA,NA,0,0
162,8,1,0,0,NA,NA,NA,NA,NA,NA,NA,NA,NA,NA,NA,0,NA,NA,0,NA,0,NA,NA,0,0
163,8,2,10,1,18980,486,17.5,2280,50,1.5,0, ,1,57.2,1.116071429,N,66.12,0,1,1750,2,0.000203874,0,12,2
164,8,3,10,1,18980,486,17.5,2140,60,0.8,0, ,1,57.2,0.595238095,C,62.06,0,1,850,1,0.000203874,0,4,14
165,8,4,10,1,18980,486,17.5,2140,60,0.8,0, ,1,57.2,0.595238095,C,62.06,0,1,850,1,0.000203874,0,8,3
166,8,5,10,1,18980,486,17.5,2140,60,0.8,0, ,2,57.2,0.595238095,C,62.06,0,2,850,1,0.000407747,0,2,6
167,8,6,10,1,18980,486,17.5,1790,70,0.1,50, ,2,57.2,0.074404762,O,51.91,0,2,850,0,0.000407747,1,8,10
168,8,7,10,1,18980,486,17.5,2140,60,0.8,0, ,1,57.2,0.595238095,C,62.06,0,1,850,1,0.000203874,0,13,10
169,8,8,10,1,18980,486,17.5,2140,60,0.8,0, ,1,57.2,0.595238095,C,62.06,0,1,850,1,0.000203874,0,1,9
170,8,9,10,1,18980,486,17.5,2140,60,0.8,0, ,1,57.2,0.595238095,C,62.06,0,1,850,1,0.000203874,0,1,1
171,8,10,10,1,18980,486,17.5,2280,50,1.5,0, ,3,23.6,1.116071429,N,66.12,0,3,1750,2,0.000611621,0,14,2
172,8,11,10,1,18980,486,17.5,2350,30,1.5,0, ,3,23.6,1.116071429,Q,68.15,0,3,2750,2,0.000611621,0,14,9
173,8,12,10,1,18980,486,17.5,2350,30,1.5,0, ,3,23.6,1.116071429,Q,68.15,0,3,2750,2,0.000611621,0,1,12
174,8,13,10,1,18980,486,17.5,2000,60,1.5,0, ,3,23.6,1.116071429,K,58,0,3,1300,2,0.000611621,0,7,6
175,8,14,10,1,18980,486,17.5,2210,30,2.2,0, ,5,23.6,1.636904762,M,64.09,0,5,2750,3,0.001019368,0,6,2
176,8,15,10,1,18980,486,17.5,2210,30,2.2,0, ,5,23.6,1.636904762,M,64.09,0,5,2750,3,0.001019368,0,7,14
177,8,16,10,1,18980,486,17.5,2060,30,3.9,0, ,5,23.6,2.901785714,D,59.74,0,5,2750,4,0.001019368,0,6,4
178,8,17,10,1,18980,486,17.5,2210,30,2.2,0, ,5,23.6,1.636904762,M,64.09,0,5,2750,3,0.001019368,0,2,14
179,8,18,10,1,18980,486,17.5,2350,30,1.5,0, ,5,23.6,1.116071429,Q,68.15,0,5,2750,2,0.001019368,0,9,12
180,8,19,10,1,18980,486,17.5,2060,30,3.9,0, ,5,23.6,2.901785714,D,59.74,0,5,2750,4,0.001019368,0,10,15
181,8,20,10,1,18980,486,17.5,0,45,4.1,0, ,5,23.6,3.050595238,G,0,0,5,2450,5,0.001019368,0,8,5
182,8,21,10,1,18980,486,17.5,0,45,4.1,0, ,9,23.6,3.050595238,G,0,0,9,2450,5,0.001834862,0,3,2
183,8,22,10,1,18980,486,17.5,0,45,4.1,0, ,9,23.6,3.050595238,G,0,0,9,2450,5,0.001834862,0,11,9
184,8,23,0,0,NA,NA,NA,NA,NA,NA,NA,NA,NA,NA,NA,0,NA,NA,0,NA,0,NA,NA,0,0
185,9,1,0,0,NA,NA,NA,NA,NA,NA,NA,NA,NA,NA,NA,0,NA,NA,0,NA,0,NA,NA,0,0
186,9,2,0,0,NA,NA,NA,NA,NA,NA,NA,NA,NA,NA,NA,0,NA,NA,0,NA,0,NA,NA,0,0
187,9,3,10,1,18980,486,17.5,2080,30,2.2,0, ,1,57.2,1.636904762,A,60.32,0,1,2750,2,0.000203874,0,4,8
188,9,4,10,1,18980,486,17.5,2280,50,1.5,0, ,1,57.2,1.116071429,N,66.12,0,1,1750,2,0.000203874,0,11,13
189,9,5,10,1,18980,486,17.5,2140,60,0.8,0, ,1,57.2,0.595238095,C,62.06,0,1,850,1,0.000203874,0,5,10
190,9,6,10,1,18980,486,17.5,2140,60,0.8,0, ,1,57.2,0.595238095,C,62.06,0,1,850,1,0.000203874,0,10,5
191,9,7,10,1,18980,486,17.5,2140,60,0.8,0, ,1,57.2,0.595238095,C,62.06,0,1,850,1,0.000203874,0,7,10
192,9,8,10,1,18980,486,17.5,2140,60,0.1,0, ,1,57.2,0.074404762,C,62.06,0,1,850,0,0.000203874,1,7,9
193,9,9,10,1,18980,486,17.5,2140,60,0.8,0, ,1,57.2,0.595238095,C,62.06,0,1,850,1,0.000203874,0,3,7
194,9,10,10,1,18980,486,17.5,2280,50,1.5,0, ,3,23.6,1.116071429,N,66.12,0,3,1750,2,0.000611621,0,2,2
195,9,11,10,1,18980,486,17.5,2140,60,0.8,0, ,3,23.6,0.595238095,C,62.06,0,3,850,1,0.000611621,0,9,7
196,9,12,10,1,18980,486,17.5,2140,60,0.8,0, ,3,23.6,0.595238095,C,62.06,0,3,850,1,0.000611621,0,7,1
197,9,13,10,1,18980,486,17.5,2000,60,1.5,0, ,3,23.6,1.116071429,K,58,0,3,1300,2,0.000611621,0,15,4
198,9,14,10,1,18980,486,17.5,2210,30,2.2,0, ,5,23.6,1.636904762,M,64.09,0,5,2750,3,0.001019368,0,12,14
199,9,15,10,1,18980,486,17.5,2210,30,2.2,0, ,5,23.6,1.636904762,M,64.09,0,5,2750,3,0.001019368,0,10,4
200,9,16,10,1,18980,486,17.5,2210,30,2.2,0, ,5,23.6,1.636904762,M,64.09,0,5,2750,3,0.001019368,0,1,2
201,9,17,10,1,18980,486,17.5,2350,30,1.5,0, ,5,23.6,1.116071429,Q,68.15,0,5,2750,2,0.001019368,0,15,9
202,9,18,10,1,18980,486,17.5,2350,30,1.5,0, ,5,23.6,1.116071429,Q,68.15,0,5,2750,2,0.001019368,0,6,7
203,9,19,10,1,18980,486,17.5,2060,30,3.9,0, ,5,23.6,2.901785714,D,59.74,0,5,2750,4,0.001019368,0,14,2
204,9,20,10,1,18980,486,17.5,0,45,4.1,0, ,9,23.6,3.050595238,G,0,0,9,2450,5,0.001834862,0,2,13
205,9,21,10,1,18980,486,17.5,2060,30,3.9,0, ,9,23.6,2.901785714,D,59.74,0,9,2750,4,0.001834862,0,3,2
206,9,22,0,0,NA,NA,NA,NA,NA,NA,NA,NA,NA,NA,NA,0,NA,NA,0,NA,0,NA,NA,0,0
207,9,23,0,0,NA,NA,NA,NA,NA,NA,NA,NA,NA,NA,NA,0,NA,NA,0,NA,0,NA,NA,0,0
208,10,1,0,0,NA,NA,NA,NA,NA,NA,NA,NA,NA,NA,NA,0,NA,NA,0,NA,0,NA,NA,0,0
209,10,2,10,1,18980,486,17.5,2080,30,2.2,0, ,7,57.2,1.636904762,A,60.32,0,7,2750,3,0.001427115,0,14,2
210,10,3,10,1,18980,486,17.5,2080,30,2.2,0, ,1,57.2,1.636904762,A,60.32,0,1,2750,2,0.000203874,0,15,4
211,10,4,10,1,18980,486,17.5,2280,50,0.8,0, ,1,57.2,0.595238095,N,66.12,0,1,1750,1,0.000203874,0,15,12
212,10,5,10,1,18980,486,17.5,2140,60,0.8,0, ,1,57.2,0.595238095,C,62.06,0,1,850,1,0.000203874,0,8,11
213,10,6,10,1,18980,486,17.5,2140,60,0.8,0, ,1,57.2,0.595238095,C,62.06,0,1,850,1,0.000203874,0,7,13
214,10,7,10,1,18980,486,17.5,2140,60,0.1,0, ,1,57.2,0.074404762,C,62.06,0,1,850,0,0.000203874,1,13,3
215,10,8,9.75,1,18980,486,17.5,2100,60,0.1,20, ,1,10,0.074404762,L,60.9,1,1,850,0,0.000203874,0,8,8
216,10,9,10,1,18980,486,17.5,2140,60,0.8,0, ,1,57.2,0.595238095,C,62.06,0,1,850,1,0.000203874,0,7,10
217,10,10,10,1,18980,486,17.5,2140,60,0.8,0, ,3,23.6,0.595238095,C,62.06,0,3,850,1,0.000611621,0,11,4
218,10,11,9.75,1,18980,486,17.5,2100,60,0.1,20, ,3,10,0.074404762,L,60.9,1,3,850,0,0.000611621,0,13,15
219,10,12,10,1,18980,486,17.5,2140,60,0.8,0, ,3,23.6,0.595238095,C,62.06,0,3,850,1,0.000611621,0,7,10
220,10,13,10,1,18980,486,17.5,2000,60,1.5,0, ,5,23.6,1.116071429,K,58,0,5,1300,2,0.001019368,0,11,2
221,10,14,10,1,18980,486,17.5,2210,30,1.5,0, ,5,23.6,1.116071429,M,64.09,0,5,2750,2,0.001019368,0,13,14
222,10,15,10,1,18980,486,17.5,2210,30,1.5,0, ,5,23.6,1.116071429,M,64.09,0,5,2750,2,0.001019368,0,15,4
223,10,16,10,1,18980,486,17.5,2350,30,1.5,0, ,5,23.6,1.116071429,Q,68.15,0,5,2750,2,0.001019368,0,8,11
224,10,17,10,1,18980,486,17.5,2350,30,1.5,0, ,5,23.6,1.116071429,Q,68.15,0,5,2750,2,0.001019368,0,11,15
225,10,18,10,1,18980,486,17.5,2350,30,1.5,0, ,5,23.6,1.116071429,Q,68.15,0,5,2750,2,0.001019368,0,11,9
226,10,19,10,1,18980,486,17.5,0,45,4.1,0, ,9,23.6,3.050595238,G,0,0,9,2450,5,0.001834862,0,2,15
227,10,20,10,1,18980,486,17.5,2350,30,3.9,0, ,9,23.6,2.901785714,Q,68.15,0,9,2750,4,0.001834862,0,3,3
228,10,21,0,0,NA,NA,NA,NA,NA,NA,NA,NA,NA,NA,NA,0,NA,NA,0,NA,0,NA,NA,0,0
229,10,22,0,0,NA,NA,NA,NA,NA,NA,NA,NA,NA,NA,NA,0,NA,NA,0,NA,0,NA,NA,0,0
230,10,23,0,0,NA,NA,NA,NA,NA,NA,NA,NA,NA,NA,NA,0,NA,NA,0,NA,0,NA,NA,0,0
231,11,1,10,1,18980,486,17.5,2080,30,2.2,0, ,7,57.2,1.636904762,A,60.32,0,7,2750,2,0.001427115,0,6,7
232,11,2,10,1,18980,486,17.5,2080,30,2.2,0, ,7,57.2,1.636904762,A,60.32,0,7,2750,2,0.001427115,0,4,12
233,11,3,10,1,18980,486,17.5,2080,30,2.2,0, ,7,57.2,1.636904762,A,60.32,0,7,2750,2,0.001427115,0,1,12
234,11,4,10,1,18980,486,17.5,2280,50,1.5,0, ,1,57.2,1.116071429,N,66.12,0,1,1750,2,0.000203874,0,10,13
235,11,5,10,1,18980,486,17.5,2280,50,0.8,0, ,1,57.2,0.595238095,N,66.12,0,1,1750,1,0.000203874,0,11,12
236,11,6,10,1,18980,486,17.5,2140,60,0.8,0, ,1,57.2,0.595238095,C,62.06,0,1,850,1,0.000203874,0,13,10
237,11,7,10,1,18980,486,17.5,2140,60,0.8,0, ,1,57.2,0.595238095,C,62.06,0,1,850,1,0.000203874,0,8,2
238,11,8,10,1,18980,486,17.5,2140,60,0.8,0, ,1,57.2,0.595238095,C,62.06,0,1,850,1,0.000203874,0,1,4
239,11,9,9.75,1,18980,486,17.5,2100,60,0.1,20, ,1,10,0.074404762,L,60.9,1,1,850,0,0.000203874,0,2,3
240,11,10,10,1,18980,486,17.5,2140,60,0.8,0, ,3,23.6,0.595238095,C,62.06,0,3,850,1,0.000611621,0,4,11
241,11,11,9.75,1,18980,486,17.5,2100,60,0.1,20, ,3,10,0.074404762,L,60.9,1,3,850,0,0.000611621,0,5,12
242,11,12,10,1,18980,486,17.5,2000,60,1.5,0, ,3,23.6,1.116071429,K,58,0,3,1300,2,0.000611621,0,6,9
243,11,13,10,1,18980,486,17.5,2400,50,0.8,0, ,5,23.6,0.595238095,T,69.6,0,5,1750,1,0.001019368,0,2,11
244,11,14,9.75,1,18980,486,17.5,2090,40,0.1,20, ,5,10,0.074404762,Y,60.61,1,5,2750,0,0.001019368,0,9,5
245,11,15,10,1,18980,486,17.5,2400,50,0.8,0, ,5,23.6,0.595238095,T,69.6,0,5,1750,1,0.001019368,0,9,2
246,11,16,10,1,18980,486,17.5,2350,30,0.8,0, ,5,23.6,0.595238095,Q,68.15,0,5,2750,1,0.001019368,0,10,9
247,11,17,10,1,18980,486,17.5,2350,30,1.5,0, ,5,23.6,1.116071429,Q,68.15,0,5,2750,2,0.001019368,0,13,7
248,11,18,10,1,18980,486,17.5,2060,30,3.9,0, ,9,23.6,2.901785714,D,59.74,0,9,2750,4,0.001834862,0,12,3
249,11,19,10,1,18980,486,17.5,2060,30,3.9,0, ,9,23.6,2.901785714,D,59.74,0,9,2750,4,0.001834862,0,8,12
250,11,20,10,1,18980,486,17.5,2350,30,1.5,0, ,9,23.6,1.116071429,Q,68.15,0,9,2750,2,0.001834862,0,6,1
251,11,21,10,1,18980,486,17.5,2000,60,1.5,0, ,9,23.6,1.116071429,K,58,0,9,1300,2,0.001834862,0,12,15
252,11,22,0,0,NA,NA,NA,NA,NA,NA,NA,NA,NA,NA,NA,0,NA,NA,0,NA,0,NA,NA,0,0
253,11,23,0,0,NA,NA,NA,NA,NA,NA,NA,NA,NA,NA,NA,0,NA,NA,0,NA,0,NA,NA,0,0
254,12,1,0,0,NA,NA,NA,NA,NA,NA,NA,NA,NA,NA,NA,0,NA,NA,0,NA,0,NA,NA,0,0
255,12,2,10,1,18980,486,17.5,2080,30,2.2,0, ,7,57.2,1.636904762,A,60.32,0,7,2750,3,0.001427115,0,9,13
256,12,3,10,1,18980,486,17.5,2080,30,2.2,0, ,7,57.2,1.636904762,A,60.32,0,7,2750,2,0.001427115,0,6,15
257,12,4,10,1,18980,486,17.5,2140,60,0.8,0, ,7,57.2,0.595238095,C,62.06,0,7,850,1,0.001427115,0,10,8
258,12,5,10,1,18980,486,17.5,2280,50,1.5,0, ,7,57.2,1.116071429,N,66.12,0,7,1750,2,0.001427115,0,5,4
259,12,6,10,1,18980,486,17.5,2280,50,1.5,0, ,7,57.2,1.116071429,N,66.12,0,7,1750,2,0.001427115,0,6,8
260,12,7,10,1,18980,486,17.5,2280,50,1.5,0, ,7,57.2,1.116071429,N,66.12,0,7,1750,2,0.001427115,0,12,9
261,12,8,10,1,18980,486,17.5,2140,60,0.8,0, ,1,57.2,0.595238095,C,62.06,0,1,850,1,0.000203874,0,6,13
262,12,9,10,1,18980,486,17.5,2140,60,0.8,0, ,1,57.2,0.595238095,C,62.06,0,1,850,1,0.000203874,0,12,8
263,12,10,9.5,1,18980,486,17.5,2100,60,0.1,20, ,3,10,0.074404762,L,60.9,1,3,850,0,0.000611621,0,11,5
264,12,11,10,1,18980,486,17.5,2140,60,0.8,0, ,3,23.6,0.595238095,C,62.06,0,3,850,1,0.000611621,0,6,6
265,12,12,10,1,18980,486,17.5,2000,60,1.5,0, ,5,23.6,1.116071429,K,58,0,5,1300,2,0.001019368,0,7,5
266,12,13,10,1,18980,486,17.5,2400,50,0.8,0, ,5,23.6,0.595238095,T,69.6,0,5,1750,1,0.001019368,0,14,3
267,12,14,9.75,1,18980,486,17.5,2090,40,0.1,20, ,5,10,0.074404762,Y,60.61,1,5,2750,0,0.001019368,0,6,10
268,12,15,10,1,18980,486,17.5,2400,50,0.8,0, ,5,23.6,0.595238095,T,69.6,0,5,1750,1,0.001019368,0,11,8
269,12,16,10,1,18980,486,17.5,2350,30,1.5,0, ,5,23.6,1.116071429,Q,68.15,0,5,2750,2,0.001019368,0,7,10
270,12,17,10,1,18980,486,17.5,2350,30,1.5,0, ,5,23.6,1.116071429,Q,68.15,0,5,2750,2,0.001019368,0,13,10
271,12,18,10,1,18980,486,17.5,2060,30,3.9,0, ,9,23.6,2.901785714,D,59.74,0,9,2750,4,0.001834862,0,11,5
272,12,19,10,1,18980,486,17.5,2000,60,1.5,0, ,9,23.6,1.116071429,K,58,0,9,1300,2,0.001834862,0,6,10
273,12,20,10,1,18980,486,17.5,2000,60,1.5,0, ,9,23.6,1.116071429,K,58,0,9,1300,2,0.001834862,0,13,14
274,12,21,10,1,18980,486,17.5,2000,60,1.5,0, ,9,23.6,1.116071429,K,58,0,9,1300,2,0.001834862,0,6,12
275,12,22,0,0,NA,NA,NA,NA,NA,NA,NA,NA,NA,NA,NA,0,NA,NA,0,NA,0,NA,NA,0,0
276,12,23,0,0,NA,NA,NA,NA,NA,NA,NA,NA,NA,NA,NA,0,NA,NA,0,NA,0,NA,NA,0,0
277,13,1,0,0,NA,NA,NA,NA,NA,NA,NA,NA,NA,NA,NA,0,NA,NA,0,NA,0,NA,NA,0,0
278,13,2,10,1,18980,486,17.5,2080,30,2.2,0, ,7,57.2,1.636904762,A,60.32,0,7,2750,3,0.001427115,0,3,4
279,13,3,10,1,18980,486,17.5,2080,30,2.2,0, ,7,57.2,1.636904762,A,60.32,0,7,2750,2,0.001427115,0,5,11
280,13,4,10,1,18980,486,17.5,2280,50,1.5,0, ,7,57.2,1.116071429,N,66.12,0,7,1750,2,0.001427115,0,11,10
281,13,5,10,1,18980,486,17.5,2280,50,1.5,0, ,7,57.2,1.116071429,N,66.12,0,7,1750,2,0.001427115,0,13,11
282,13,6,10,1,18980,486,17.5,2280,50,0.8,0, ,7,57.2,0.595238095,N,66.12,0,7,1750,1,0.001427115,0,9,14
283,13,7,10,1,18980,486,17.5,2140,60,0.8,0, ,7,57.2,0.595238095,C,62.06,0,7,850,1,0.001427115,0,11,10
284,13,8,10,1,18980,486,17.5,2140,60,0.8,0, ,4,57.2,0.595238095,C,62.06,0,4,850,1,0.000815494,0,5,12
285,13,9,10,1,18980,486,17.5,2140,60,0.8,0, ,4,57.2,0.595238095,C,62.06,0,4,850,1,0.000815494,0,2,14
286,13,10,9.5,1,18980,486,17.5,2100,60,0.1,20, ,3,10,0.074404762,L,60.9,1,3,850,0,0.000611621,0,8,8
287,13,11,10,1,18980,486,17.5,2140,60,0.8,0, ,3,23.6,0.595238095,C,62.06,0,3,850,1,0.000611621,0,5,10
288,13,12,10,1,18980,486,17.5,2400,50,0.8,0, ,5,23.6,0.595238095,T,69.6,0,5,1750,1,0.001019368,0,15,1
289,13,13,9.75,1,18980,486,17.5,2090,40,0.1,20, ,5,10,0.074404762,Y,60.61,1,5,2750,0,0.001019368,0,3,15
290,13,14,9.75,1,18980,486,17.5,2090,40,0.1,20, ,5,10,0.074404762,Y,60.61,1,5,2750,0,0.001019368,0,8,11
291,13,15,10,1,18980,486,17.5,2400,50,0.8,0, ,5,23.6,0.595238095,T,69.6,0,5,1750,1,0.001019368,0,6,9
292,13,16,10,1,18980,486,17.5,2350,30,1.5,0, ,5,23.6,1.116071429,Q,68.15,0,5,2750,2,0.001019368,0,8,2
293,13,17,10,1,18980,486,17.5,2060,30,3.9,0, ,9,23.6,2.901785714,D,59.74,0,9,2750,4,0.001834862,0,8,9
294,13,18,10,1,18980,486,17.5,2000,60,1.5,0, ,9,23.6,1.116071429,K,58,0,9,1300,2,0.001834862,0,11,11
295,13,19,10,1,18980,486,17.5,2000,60,1.5,0, ,9,23.6,1.116071429,K,58,0,9,1300,2,0.001834862,0,9,15
296,13,20,10,1,18980,486,17.5,2000,60,1.5,0, ,9,23.6,1.116071429,K,58,0,9,1300,2,0.001834862,0,8,13
297,13,21,10,1,18980,486,17.5,2000,60,1.5,0, ,9,23.6,1.116071429,K,58,0,9,1300,2,0.001834862,0,5,11
298,13,22,10,1,18980,486,17.5,2000,60,1.5,0, ,9,23.6,1.116071429,K,58,0,9,1300,2,0.001834862,0,15,11
299,13,23,10,1,18980,486,17.5,2210,30,2.2,0, ,9,23.6,1.636904762,M,64.09,0,9,2750,3,0.001834862,0,12,1
300,14,1,0,0,NA,NA,NA,NA,NA,NA,NA,NA,NA,NA,NA,0,NA,NA,0,NA,0,NA,NA,0,0
301,14,2,10,1,18980,486,17.5,2280,50,1.5,0, ,7,57.2,1.116071429,N,66.12,0,7,1750,2,0.001427115,0,8,2
302,14,3,10,1,18980,486,17.5,2280,50,1.5,0, ,7,57.2,1.116071429,N,66.12,0,7,1750,2,0.001427115,0,1,1
303,14,4,10,1,18980,486,17.5,2280,50,1.5,0, ,7,57.2,1.116071429,N,66.12,0,7,1750,2,0.001427115,0,3,3
304,14,5,10,1,18980,486,17.5,2280,50,1.5,0, ,7,57.2,1.116071429,N,66.12,0,7,1750,2,0.001427115,0,8,12
305,14,6,10,1,18980,486,17.5,2280,50,1.5,0, ,7,57.2,1.116071429,N,66.12,0,7,1750,2,0.001427115,0,8,11
306,14,7,10,1,18980,486,17.5,2140,60,0.8,0, ,7,57.2,0.595238095,C,62.06,0,7,850,1,0.001427115,0,6,8
307,14,8,10,1,18980,486,17.5,2140,60,0.8,0, ,7,57.2,0.595238095,C,62.06,0,7,850,1,0.001427115,0,2,14
308,14,9,10,1,18980,486,17.5,2140,60,0.8,0, ,4,57.2,0.595238095,C,62.06,0,4,850,1,0.000815494,0,12,5
309,14,10,9.5,1,18980,486,17.5,2100,60,0.1,20, ,0,10,0.074404762,L,60.9,1,4,850,0,0,0,9,11
310,14,11,10,1,18980,486,17.5,1790,70,0.1,50, ,5,23.6,0.074404762,O,51.91,0,5,850,0,0.001019368,1,7,15
311,14,12,9.75,1,18980,486,17.5,2090,40,0.1,20, ,5,10,0.074404762,Y,60.61,1,5,2750,0,0.001019368,0,9,5
312,14,13,10,1,18980,486,17.5,2400,50,0.8,0, ,5,23.6,0.595238095,T,69.6,0,5,1750,1,0.001019368,0,13,8
313,14,14,10,1,18980,486,17.5,2350,30,0.8,0, ,5,23.6,0.595238095,Q,68.15,0,5,2750,1,0.001019368,0,11,9
314,14,15,10,1,18980,486,17.5,2350,30,1.5,0, ,5,23.6,1.116071429,Q,68.15,0,5,2750,2,0.001019368,0,5,5
315,14,16,10,1,18980,486,17.5,2210,30,2.2,0, ,5,23.6,1.636904762,M,64.09,0,5,2750,3,0.001019368,0,5,10
316,14,17,10,1,18980,486,17.5,2060,30,3.9,0, ,9,23.6,2.901785714,D,59.74,0,9,2750,4,0.001834862,0,5,6
317,14,18,10,1,18980,486,17.5,2350,30,1.5,0, ,9,23.6,1.116071429,Q,68.15,0,9,2750,2,0.001834862,0,8,5
318,14,19,10,1,18980,486,17.5,2000,60,1.5,0, ,9,23.6,1.116071429,K,58,0,9,1300,2,0.001834862,0,5,1
319,14,20,10,1,18980,486,17.5,2350,30,1.5,0, ,9,23.6,1.116071429,Q,68.15,0,9,2750,2,0.001834862,0,3,11
320,14,21,10,1,18980,486,17.5,2000,60,1.5,0, ,9,23.6,1.116071429,K,58,0,9,1300,2,0.001834862,0,2,5
321,14,22,10,1,18980,486,17.5,2210,30,2.2,0, ,9,23.6,1.636904762,M,64.09,0,9,2750,3,0.001834862,0,2,13
322,14,23,0,0,NA,NA,NA,NA,NA,NA,NA,NA,NA,NA,NA,0,NA,NA,0,NA,0,NA,NA,0,0
323,15,1,10,1,18980,486,17.5,2080,30,2.2,0, ,7,57.2,1.636904762,A,60.32,0,7,2750,3,0.001427115,0,2,2
324,15,2,10,1,18980,486,17.5,2080,30,2.2,0, ,7,57.2,1.636904762,A,60.32,0,7,2750,2,0.001427115,0,14,6
325,15,3,10,1,18980,486,17.5,2280,50,1.5,0, ,7,57.2,1.116071429,N,66.12,0,7,1750,1,0.001427115,0,11,6
326,15,4,10,1,18980,486,17.5,2140,60,0.8,0, ,7,57.2,0.595238095,C,62.06,0,7,850,1,0.001427115,0,11,2
327,15,5,10,1,18980,486,17.5,2140,60,0.8,0, ,7,57.2,0.595238095,C,62.06,0,7,850,1,0.001427115,0,4,8
328,15,6,10,1,18980,486,17.5,2280,50,1.5,0, ,7,57.2,1.116071429,N,66.12,0,7,1750,2,0.001427115,0,8,10
329,15,7,10,1,18980,486,17.5,2280,50,1.5,0, ,7,57.2,1.116071429,N,66.12,0,7,1750,2,0.001427115,0,5,12
330,15,8,10,1,18980,486,17.5,2140,60,0.8,0, ,7,57.2,0.595238095,C,62.06,0,7,850,1,0.001427115,0,2,14
331,15,9,10,1,18980,486,17.5,2140,60,0.1,0, ,7,57.2,0.074404762,C,62.06,0,7,850,0,0.001427115,1,5,13
332,15,10,9.5,1,18980,486,17.5,2100,60,0.1,20, ,0,10,0.074404762,L,60.9,1,7,850,0,0,0,2,15
333,15,11,9.25,1,18980,486,17.5,1470,10,0.1,40, ,0,10,0.074404762,B,42.63,1,5,1250,0,0,0,8,6
334,15,12,10,1,18980,486,17.5,2400,50,0.8,0, ,6,23.6,0.595238095,T,69.6,0,6,1750,1,0.001223242,0,6,13
335,15,13,10,1,18980,486,17.5,2350,30,1.5,0, ,6,23.6,1.116071429,Q,68.15,0,6,2750,2,0.001223242,0,6,6
336,15,14,10,1,18980,486,17.5,2350,30,1.5,0, ,6,23.6,1.116071429,Q,68.15,0,6,2750,2,0.001223242,0,3,7
337,15,15,10,1,18980,486,17.5,2210,30,2.2,0, ,9,23.6,1.636904762,M,64.09,0,9,2750,3,0.001834862,0,4,3
338,15,16,10,1,18980,486,17.5,2060,30,3.9,0, ,9,23.6,2.901785714,D,59.74,0,9,2750,4,0.001834862,0,4,11
339,15,17,10,1,18980,486,17.5,2060,30,3.9,0, ,9,23.6,2.901785714,D,59.74,0,9,2750,4,0.001834862,0,13,5
340,15,18,10,1,18980,486,17.5,2350,30,1.5,0, ,9,23.6,1.116071429,Q,68.15,0,9,2750,2,0.001834862,0,3,14
341,15,19,10,1,18980,486,17.5,2350,30,1.5,0, ,9,23.6,1.116071429,Q,68.15,0,9,2750,2,0.001834862,0,8,8
342,15,20,10,1,18980,486,17.5,2350,30,1.5,0, ,9,23.6,1.116071429,Q,68.15,0,9,2750,2,0.001834862,0,6,13
343,15,21,10,1,18980,486,17.5,2000,60,1.5,0, ,9,23.6,1.116071429,K,58,0,9,1300,2,0.001834862,0,6,13
344,15,22,10,1,18980,486,17.5,2210,30,2.2,0, ,9,23.6,1.636904762,M,64.09,0,9,2750,3,0.001834862,0,14,4
345,15,23,0,0,NA,NA,NA,NA,NA,NA,NA,NA,NA,NA,NA,0,NA,NA,0,NA,0,NA,NA,0,0
346,16,1,10,1,18980,486,17.5,2080,30,2.2,0, ,7,57.2,1.636904762,A,60.32,0,7,2750,3,0.001427115,0,8,5
347,16,2,10,1,18980,486,17.5,2080,30,2.2,0, ,7,57.2,1.636904762,A,60.32,0,7,2750,3,0.001427115,0,3,5
348,16,3,10,1,18980,486,17.5,2140,60,0.8,0, ,7,57.2,0.595238095,C,62.06,0,7,850,1,0.001427115,0,14,2
349,16,4,10,1,18980,486,17.5,2140,60,0.8,0, ,7,57.2,0.595238095,C,62.06,0,7,850,1,0.001427115,0,12,12
350,16,5,10,1,18980,486,17.5,2140,60,0.8,0, ,11,57.2,0.595238095,C,62.06,0,11,850,1,0.00224261,0,14,5
351,16,6,10,1,18980,486,17.5,2140,60,0.8,0, ,11,57.2,0.595238095,C,62.06,0,11,850,1,0.00224261,0,9,8
352,16,7,10,1,18980,486,17.5,2140,60,1.5,0, ,7,57.2,1.116071429,C,62.06,0,7,850,2,0.001427115,0,3,9
353,16,8,10,1,18980,486,17.5,2280,50,1.5,0, ,7,57.2,1.116071429,N,66.12,0,7,1750,2,0.001427115,0,8,9
354,16,9,10,1,18980,486,17.5,2140,60,0.8,0, ,7,57.2,0.595238095,C,62.06,0,7,850,1,0.001427115,0,10,1
355,16,10,10,1,18980,486,17.5,2140,60,0.8,0, ,8,57.2,0.595238095,C,62.06,0,8,850,1,0.001630989,0,3,6
356,16,11,9.25,1,18980,486,17.5,1470,10,0.1,40, ,0,10,0.074404762,B,42.63,1,5,1250,0,0,0,13,9
357,16,12,10,1,18980,486,17.5,2400,50,0.8,0, ,6,23.6,0.595238095,T,69.6,0,6,1750,1,0.001223242,0,12,12
358,16,13,10,1,18980,486,17.5,2350,30,1.5,0, ,6,23.6,1.116071429,Q,68.15,0,6,2750,2,0.001223242,0,9,2
359,16,14,10,1,18980,486,17.5,2350,30,2.2,0, ,6,23.6,1.636904762,Q,68.15,0,6,2750,3,0.001223242,0,3,10
360,16,15,10,1,18980,486,17.5,2060,30,3.9,0, ,9,23.6,2.901785714,D,59.74,0,9,2750,4,0.001834862,0,11,13
361,16,16,10,1,18980,486,17.5,2060,30,3.9,0, ,9,23.6,2.901785714,D,59.74,0,9,2750,4,0.001834862,0,11,7
362,16,17,10,1,18980,486,17.5,2060,30,3.9,0, ,9,23.6,2.901785714,D,59.74,0,9,2750,4,0.001834862,0,8,12
363,16,18,10,1,18980,486,17.5,2350,30,1.5,0, ,9,23.6,1.116071429,Q,68.15,0,9,2750,2,0.001834862,0,6,10
364,16,19,10,1,18980,486,17.5,2350,30,1.5,0, ,9,23.6,1.116071429,Q,68.15,0,9,2750,2,0.001834862,0,9,13
365,16,20,10,1,18980,486,17.5,2210,30,2.2,0, ,9,23.6,1.636904762,M,64.09,0,9,2750,3,0.001834862,0,6,5
366,16,21,10,1,18980,486,17.5,2210,30,2.2,0, ,9,23.6,1.636904762,M,64.09,0,9,2750,3,0.001834862,0,2,2
367,16,22,10,1,18980,486,17.5,2210,30,2.2,0, ,9,23.6,1.636904762,M,64.09,0,9,2750,3,0.001834862,0,12,4
368,16,23,0,0,NA,NA,NA,NA,NA,NA,NA,NA,NA,NA,NA,0,NA,NA,0,NA,0,NA,NA,0,0
369,17,1,0,0,NA,NA,NA,NA,NA,NA,NA,NA,NA,NA,NA,0,NA,NA,0,NA,0,NA,NA,0,0
370,17,2,10,1,18980,486,17.5,2280,50,1.5,0, ,7,10,1.116071429,N,66.12,0,7,1750,2,0.001427115,0,2,7
371,17,3,10,1,18980,486,17.5,2280,50,0.8,0, ,7,10,0.595238095,N,66.12,0,7,1750,1,0.001427115,0,9,12
372,17,4,10,1,18980,486,17.5,2140,60,0.8,0, ,7,10,0.595238095,C,62.06,0,7,850,1,0.001427115,0,5,9
373,17,5,10,1,18980,486,17.5,2140,60,0.8,0, ,11,10,0.595238095,C,62.06,0,11,850,1,0.00224261,0,7,13
374,17,6,10,1,18980,486,17.5,1790,70,0.1,50, ,11,10,0.074404762,O,51.91,0,11,850,0,0.00224261,1,8,3
375,17,7,10,1,18980,486,17.5,2140,60,0.8,0, ,11,10,0.595238095,C,62.06,0,11,850,1,0.00224261,0,14,2
376,17,8,10,1,18980,486,17.5,2140,60,1.5,0, ,7,10,1.116071429,C,62.06,0,7,850,2,0.001427115,0,13,13
377,17,9,10,1,18980,486,17.5,2280,50,1.5,0, ,7,10,1.116071429,N,66.12,0,7,1750,2,0.001427115,0,10,14
378,17,10,10,1,18980,486,17.5,2140,60,0.8,0, ,8,10,0.595238095,C,62.06,0,8,850,1,0.001630989,0,12,2
379,17,11,9.5,1,18980,486,17.5,1470,10,0.1,40, ,0,10,0.074404762,B,42.63,1,8,1250,0,0,0,5,1
380,17,12,9.5,1,18980,486,17.5,2090,40,0.1,20, ,0,10,0.074404762,Y,60.61,1,6,2750,0,0,0,14,6
381,17,13,10,1,18980,486,17.5,2400,50,0.8,0, ,6,50,0.595238095,T,69.6,0,6,1750,1,0.001223242,0,10,8
382,17,14,10,1,18980,486,17.5,2350,30,1.5,0, ,6,50,1.116071429,Q,68.15,0,6,2750,2,0.001223242,0,8,15
383,17,15,10,1,18980,486,17.5,2060,30,3.9,0, ,9,50,2.901785714,D,59.74,0,9,2750,4,0.001834862,0,6,5
384,17,16,10,1,18980,486,17.5,2060,30,3.9,0, ,9,50,2.901785714,D,59.74,0,9,2750,4,0.001834862,0,13,7
385,17,17,9.75,1,18980,486,17.5,2090,40,0.1,20, ,9,10,0.074404762,Y,60.61,1,9,2750,0,0.001834862,0,4,9
386,17,18,10,1,18980,486,17.5,2400,50,0.8,0, ,9,50,0.595238095,T,69.6,0,9,1750,1,0.001834862,0,2,5
387,17,19,10,1,18980,486,17.5,2350,30,1.5,0, ,9,50,1.116071429,Q,68.15,0,9,2750,2,0.001834862,0,9,5
388,17,20,10,1,18980,486,17.5,2350,30,1.5,0, ,9,50,1.116071429,Q,68.15,0,9,2750,2,0.001834862,0,9,2
389,17,21,10,1,18980,486,17.5,2350,30,1.5,0, ,9,50,1.116071429,Q,68.15,0,9,2750,2,0.001834862,0,9,7
390,17,22,0,0,NA,NA,NA,NA,NA,NA,NA,NA,NA,NA,NA,0,NA,NA,0,NA,0,NA,NA,0,0
391,17,23,0,0,NA,NA,NA,NA,NA,NA,NA,NA,NA,NA,NA,0,NA,NA,0,NA,0,NA,NA,0,0
392,18,1,0,0,NA,NA,NA,NA,NA,NA,NA,NA,NA,NA,NA,0,NA,NA,0,NA,0,NA,NA,0,0
393,18,2,10,1,18980,486,17.5,2280,50,1.5,0, ,7,10,1.116071429,N,66.12,0,7,1750,2,0.001427115,0,11,9
394,18,3,10,1,18980,486,17.5,2280,50,1.5,0, ,7,10,1.116071429,N,66.12,0,7,1750,2,0.001427115,0,4,4
395,18,4,10,1,18980,486,17.5,2140,60,0.8,0, ,7,10,0.595238095,C,62.06,0,7,850,1,0.001427115,0,4,11
396,18,5,10,1,18980,486,17.5,2140,60,0.8,0, ,11,10,0.595238095,C,62.06,0,11,850,1,0.00224261,0,1,13
397,18,6,10,1,18980,486,17.5,2140,60,0.8,0, ,11,10,0.595238095,C,62.06,0,11,850,1,0.00224261,0,2,5
398,18,7,10,1,18980,486,17.5,1790,70,0.1,50, ,11,10,0.074404762,O,51.91,0,11,850,0,0.00224261,1,12,7
399,18,8,10,1,18980,486,17.5,2140,60,0.8,0, ,11,10,0.595238095,C,62.06,0,11,850,1,0.00224261,0,9,10
400,18,9,10,1,18980,486,17.5,2140,60,0.8,0, ,11,10,0.595238095,C,62.06,0,11,850,1,0.00224261,0,9,11
401,18,10,10,1,18980,486,17.5,1470,10,0.8,40, ,11,10,0.595238095,B,42.63,0,11,1250,1,0.00224261,0,2,10
402,18,11,10,1,18980,486,17.5,1790,70,0.1,50, ,11,10,0.074404762,O,51.91,0,11,850,0,0.00224261,1,3,10
403,18,12,9.5,1,18980,486,17.5,2090,40,0.1,20, ,0,10,0.074404762,Y,60.61,1,6,2750,0,0,0,8,6
404,18,13,9.5,1,18980,486,17.5,2090,40,0.1,20, ,0,10,0.074404762,Y,60.61,1,6,2750,0,0,0,6,4
405,18,14,10,1,18980,486,17.5,2400,50,0.8,0, ,9,50,0.595238095,T,69.6,0,9,1750,1,0.001834862,0,13,10
406,18,15,10,1,18980,486,17.5,2060,30,3.9,0, ,9,50,2.901785714,D,59.74,0,9,2750,4,0.001834862,0,2,12
407,18,16,9.5,1,18980,486,17.5,2090,40,0.1,20, ,9,10,0.074404762,Y,60.61,1,9,2750,0,0.001834862,0,14,10
408,18,17,10,1,18980,486,17.5,2400,50,0.8,0, ,9,50,0.595238095,T,69.6,0,9,1750,1,0.001834862,0,6,6
409,18,18,10,1,18980,486,17.5,2350,30,1.5,0, ,9,50,1.116071429,Q,68.15,0,9,2750,2,0.001834862,0,7,12
410,18,19,10,1,18980,486,17.5,2350,30,1.5,0, ,9,50,1.116071429,Q,68.15,0,9,2750,2,0.001834862,0,13,7
411,18,20,10,1,18980,486,17.5,2350,30,1.5,0, ,10,50,1.116071429,Q,68.15,0,10,2750,2,0.002038736,0,7,5
412,18,21,10,1,18980,486,17.5,2350,30,1.5,0, ,10,50,1.116071429,Q,68.15,0,10,2750,2,0.002038736,0,7,5
413,18,22,0,0,NA,NA,NA,NA,NA,NA,NA,NA,NA,NA,NA,0,NA,NA,0,NA,0,NA,NA,0,0
414,18,23,0,0,NA,NA,NA,NA,NA,NA,NA,NA,NA,NA,NA,0,NA,NA,0,NA,0,NA,NA,0,0
415,19,1,0,0,NA,NA,NA,NA,NA,NA,NA,NA,NA,NA,NA,0,NA,NA,0,NA,0,NA,NA,0,0
416,19,2,0,0,NA,NA,NA,NA,NA,NA,NA,NA,NA,NA,NA,0,NA,NA,0,NA,0,NA,NA,0,0
417,19,3,10,1,18980,486,17.5,2080,30,2.2,0, ,7,10,1.636904762,A,60.32,0,7,2750,2,0.001427115,0,2,13
418,19,4,10,1,18980,486,17.5,2140,60,0.8,0, ,7,10,0.595238095,C,62.06,0,7,850,1,0.001427115,0,2,5
419,19,5,10,1,18980,486,17.5,2140,60,0.8,0, ,11,10,0.595238095,C,62.06,0,11,850,1,0.00224261,0,8,8
420,19,6,10,1,18980,486,17.5,2140,60,0.8,0, ,11,10,0.595238095,C,62.06,0,11,850,1,0.00224261,0,15,9
421,19,7,10,1,18980,486,17.5,2140,60,0.8,0, ,11,10,0.595238095,C,62.06,0,11,850,1,0.00224261,0,15,3
422,19,8,10,1,18980,486,17.5,2140,60,0.8,0, ,11,10,0.595238095,C,62.06,0,11,850,1,0.00224261,0,9,5
423,19,9,10,1,18980,486,17.5,2140,60,0.1,0, ,11,10,0.074404762,C,62.06,0,11,850,0,0.00224261,1,15,5
424,19,10,9.75,1,18980,486,17.5,1470,10,0.1,40, ,11,10,0.074404762,B,42.63,1,11,1250,0,0.00224261,0,6,13
425,19,11,10,1,18980,486,17.5,1790,70,0.1,50, ,11,10,0.074404762,O,51.91,0,11,850,0,0.00224261,1,15,12
426,19,12,10,1,18980,486,17.5,1790,70,0.1,50, ,11,10,0.074404762,O,51.91,0,11,850,0,0.00224261,1,3,12
427,19,13,9.25,1,18980,486,17.5,2090,40,0.1,20, ,0,10,0.074404762,Y,60.61,1,6,2750,0,0,0,6,1
428,19,14,10,1,18980,486,17.5,2400,50,0.8,0, ,9,50,0.595238095,T,69.6,0,9,1750,1,0.001834862,0,7,2
429,19,15,10,1,18980,486,17.5,2060,30,3.9,0, ,9,50,2.901785714,D,59.74,0,9,2750,4,0.001834862,0,11,4
430,19,16,9.5,1,18980,486,17.5,2090,40,0.1,20, ,9,10,0.074404762,Y,60.61,1,9,2750,0,0.001834862,0,5,11
431,19,17,10,1,18980,486,17.5,2400,50,0.8,0, ,9,50,0.595238095,T,69.6,0,9,1750,1,0.001834862,0,9,1
432,19,18,10,1,18980,486,17.5,2350,30,1.5,0, ,9,50,1.116071429,Q,68.15,0,9,2750,2,0.001834862,0,14,11
433,19,19,10,1,18980,486,17.5,2350,30,1.5,0, ,10,50,1.116071429,Q,68.15,0,10,2750,2,0.002038736,0,1,6
434,19,20,10,1,18980,486,17.5,2350,30,1.5,0, ,10,50,1.116071429,Q,68.15,0,10,2750,2,0.002038736,0,1,13
435,19,21,10,1,18980,486,17.5,2210,30,2.2,0, ,10,50,1.636904762,M,64.09,0,10,2750,3,0.002038736,0,6,6
436,19,22,10,1,18980,486,17.5,2210,30,2.2,0, ,10,50,1.636904762,M,64.09,0,10,2750,3,0.002038736,0,12,6
437,19,23,0,0,NA,NA,NA,NA,NA,NA,NA,NA,NA,NA,NA,0,NA,NA,0,NA,0,NA,NA,0,0
438,20,1,0,0,NA,NA,NA,NA,NA,NA,NA,NA,NA,NA,NA,0,NA,NA,0,NA,0,NA,NA,0,0
439,20,2,0,0,NA,NA,NA,NA,NA,NA,NA,NA,NA,NA,NA,0,NA,NA,0,NA,0,NA,NA,0,0
440,20,3,10,1,18980,486,17.5,2080,30,2.2,0, ,11,10,1.636904762,A,60.32,0,11,2750,3,0.00224261,0,14,13
441,20,4,10,1,18980,486,17.5,2280,50,1.5,0, ,11,10,1.116071429,N,66.12,0,11,1750,2,0.00224261,0,11,14
442,20,5,10,1,18980,486,17.5,2280,50,1.5,0, ,11,10,1.116071429,N,66.12,0,11,1750,2,0.00224261,0,4,12
443,20,6,10,1,18980,486,17.5,2280,50,1.5,0, ,11,10,1.116071429,N,66.12,0,11,1750,2,0.00224261,0,6,12
444,20,7,10,1,18980,486,17.5,2140,60,0.8,0, ,11,10,0.595238095,C,62.06,0,11,850,1,0.00224261,0,11,2
445,20,8,10,1,18980,486,17.5,2140,60,0.8,0, ,11,10,0.595238095,C,62.06,0,11,850,1,0.00224261,0,4,1
446,20,9,10,1,18980,486,17.5,2140,60,0.8,0, ,11,10,0.595238095,C,62.06,0,11,850,1,0.00224261,0,1,5
447,20,10,10,1,18980,486,17.5,2080,30,0.8,0, ,11,10,0.595238095,A,60.32,0,11,2750,1,0.00224261,0,12,9
448,20,11,9.5,1,18980,486,17.5,1470,10,0.1,40, ,11,10,0.074404762,B,42.63,1,11,1250,0,0.00224261,0,2,4
449,20,12,9.5,1,18980,486,17.5,1470,10,0.1,40, ,11,10,0.074404762,B,42.63,1,11,1250,0,0.00224261,0,6,2
450,20,13,9,1,18980,486,17.5,2090,40,0.1,20, ,0,10,0.074404762,Y,60.61,1,11,2750,0,0,0,10,14
451,20,14,10,1,18980,486,17.5,1790,70,0.1,50, ,9,50,0.074404762,O,51.91,0,9,850,0,0.001834862,1,8,2
452,20,15,9.5,1,18980,486,17.5,2090,40,0.1,20, ,9,10,0.074404762,Y,60.61,1,9,2750,0,0.001834862,0,7,15
453,20,16,10,1,18980,486,17.5,2400,50,0.8,0, ,9,50,0.595238095,T,69.6,0,9,1750,1,0.001834862,0,11,7
454,20,17,10,1,18980,486,17.5,2000,60,1.5,0, ,9,50,1.116071429,K,58,0,9,1300,2,0.001834862,0,12,2
455,20,18,10,1,18980,486,17.5,2350,30,1.5,0, ,10,50,1.116071429,Q,68.15,0,10,2750,2,0.002038736,0,11,3
456,20,19,10,1,18980,486,17.5,2350,30,1.5,0, ,10,50,1.116071429,Q,68.15,0,10,2750,2,0.002038736,0,11,10
457,20,20,10,1,18980,486,17.5,2210,30,2.2,0, ,10,50,1.636904762,M,64.09,0,10,2750,3,0.002038736,0,10,10
458,20,21,10,1,18980,486,17.5,2210,30,2.2,0, ,10,50,1.636904762,M,64.09,0,10,2750,3,0.002038736,0,1,9
459,20,22,10,1,18980,486,17.5,2060,30,3.9,0, ,10,50,2.901785714,D,59.74,0,10,2750,4,0.002038736,0,7,9
460,20,23,10,1,18980,486,17.5,0,45,4.1,0, ,10,50,3.050595238,G,0,0,10,2450,5,0.002038736,0,9,3
461,21,1,0,0,NA,NA,NA,NA,NA,NA,NA,NA,NA,NA,NA,0,NA,NA,0,NA,0,NA,NA,0,0
462,21,2,0,0,NA,NA,NA,NA,NA,NA,NA,NA,NA,NA,NA,0,NA,NA,0,NA,0,NA,NA,0,0
463,21,3,0,0,NA,NA,NA,NA,NA,NA,NA,NA,NA,NA,NA,0,NA,NA,0,NA,0,NA,NA,0,0
464,21,4,10,1,18980,486,17.5,2080,30,2.2,0, ,11,10,1.636904762,A,60.32,0,11,2750,3,0.00224261,0,14,8
465,21,5,10,1,18980,486,17.5,2280,50,1.5,0, ,11,10,1.116071429,N,66.12,0,11,1750,2,0.00224261,0,2,11
466,21,6,10,1,18980,486,17.5,2140,60,0.8,0, ,11,10,0.595238095,C,62.06,0,11,850,1,0.00224261,0,13,8
467,21,7,10,1,18980,486,17.5,2140,60,0.8,0, ,11,10,0.595238095,C,62.06,0,11,850,1,0.00224261,0,11,12
468,21,8,10,1,18980,486,17.5,2140,60,0.8,0, ,11,10,0.595238095,C,62.06,0,11,850,1,0.00224261,0,13,1
469,21,9,10,1,18980,486,17.5,2140,60,0.8,0, ,11,10,0.595238095,C,62.06,0,11,850,1,0.00224261,0,5,10
470,21,10,10,1,18980,486,17.5,2080,30,0.8,0, ,11,10,0.595238095,A,60.32,0,11,2750,1,0.00224261,0,15,5
471,21,11,10,1,18980,486,17.5,2080,30,0.8,0, ,11,10,0.595238095,A,60.32,0,11,2750,1,0.00224261,0,4,7
472,21,12,10,1,18980,486,17.5,2080,30,0.8,0, ,11,10,0.595238095,A,60.32,0,11,2750,1,0.00224261,0,9,9
473,21,13,9,1,18980,486,17.5,2090,40,0.1,20, ,0,10,0.074404762,Y,60.61,1,11,2750,0,0,0,6,14
474,21,14,9,1,18980,486,17.5,1470,10,0.1,40, ,0,10,0.074404762,B,42.63,1,9,1250,0,0,0,7,11
475,21,15,10,1,18980,486,17.5,2400,50,0.8,0, ,9,50,0.595238095,T,69.6,0,9,1750,1,0.001834862,0,13,8
476,21,16,10,1,18980,486,17.5,2000,60,1.5,0, ,9,50,1.116071429,K,58,0,9,1300,2,0.001834862,0,10,13
477,21,17,10,1,18980,486,17.5,2000,60,1.5,0, ,10,50,1.116071429,K,58,0,10,1300,2,0.002038736,0,2,3
478,21,18,10,1,18980,486,17.5,2350,30,1.5,0, ,10,50,1.116071429,Q,68.15,0,10,2750,2,0.002038736,0,5,6
479,21,19,10,1,18980,486,17.5,2210,30,2.2,0, ,10,50,1.636904762,M,64.09,0,10,2750,3,0.002038736,0,14,1
480,21,20,10,1,18980,486,17.5,2060,30,3.9,0, ,10,50,2.901785714,D,59.74,0,10,2750,4,0.002038736,0,14,14
481,21,21,10,1,18980,486,17.5,2060,30,3.9,0, ,10,50,2.901785714,D,59.74,0,10,2750,4,0.002038736,0,7,3
482,21,22,10,1,18980,486,17.5,0,45,4.1,0, ,10,50,3.050595238,G,0,0,10,2450,5,0.002038736,0,15,13
483,21,23,0,0,NA,NA,NA,NA,NA,NA,NA,NA,NA,NA,NA,0,NA,NA,0,NA,0,NA,NA,0,0
484,22,1,0,0,NA,NA,NA,NA,NA,NA,NA,NA,NA,NA,NA,0,NA,NA,0,NA,0,NA,NA,0,0
485,22,2,0,0,NA,NA,NA,NA,NA,NA,NA,NA,NA,NA,NA,0,NA,NA,0,NA,0,NA,NA,0,0
486,22,3,0,0,NA,NA,NA,NA,NA,NA,NA,NA,NA,NA,NA,0,NA,NA,0,NA,0,NA,NA,0,0
487,22,4,10,1,18980,486,17.5,2080,30,2.2,0, ,11,10,1.636904762,A,60.32,0,11,2750,3,0.00224261,0,13,9
488,22,5,0,0,NA,NA,NA,NA,NA,NA,NA,NA,NA,NA,NA,0,NA,NA,0,NA,0,NA,NA,0,0
489,22,6,10,1,18980,486,17.5,2280,50,0.8,0, ,11,10,0.595238095,N,66.12,0,11,1750,1,0.00224261,0,7,5
490,22,7,10,1,18980,486,17.5,2280,50,1.5,0, ,11,10,1.116071429,N,66.12,0,11,1750,2,0.00224261,0,9,11
491,22,8,10,1,18980,486,17.5,2140,60,0.8,0, ,11,10,0.595238095,C,62.06,0,11,850,1,0.00224261,0,14,10
492,22,9,10,1,18980,486,17.5,2140,60,0.8,0, ,11,10,0.595238095,C,62.06,0,11,850,1,0.00224261,0,5,15
493,22,10,10,1,18980,486,17.5,2140,60,0.8,0, ,11,10,0.595238095,C,62.06,0,11,850,1,0.00224261,0,3,2
494,22,11,10,1,18980,486,17.5,2140,60,0.8,0, ,11,10,0.595238095,C,62.06,0,11,850,1,0.00224261,0,4,5
495,22,12,10,1,18980,486,17.5,2280,50,1.5,0, ,12,10,1.116071429,N,66.12,0,12,1750,2,0.002446483,0,2,8
496,22,13,10,1,18980,486,17.5,2140,60,0.8,0, ,12,10,0.595238095,C,62.06,0,12,850,1,0.002446483,0,12,2
497,22,14,9,1,18980,486,17.5,1470,10,0.1,40, ,0,10,0.074404762,B,42.63,1,12,1250,0,0,0,5,9
498,22,15,10,1,18980,486,17.5,2400,50,0.8,0, ,10,50,0.595238095,T,69.6,0,10,1750,1,0.002038736,0,3,11
499,22,16,10,1,18980,486,17.5,2000,60,1.5,0, ,10,50,1.116071429,K,58,0,10,1300,2,0.002038736,0,11,15
500,22,17,10,1,18980,486,17.5,2000,60,1.5,0, ,10,50,1.116071429,K,58,0,10,1300,2,0.002038736,0,3,6
501,22,18,10,1,18980,486,17.5,2210,30,2.2,0, ,10,50,1.636904762,M,64.09,0,10,2750,3,0.002038736,0,3,6
502,22,19,10,1,18980,486,17.5,2210,30,2.2,0, ,10,50,1.636904762,M,64.09,0,10,2750,3,0.002038736,0,12,3
503,22,20,10,1,18980,486,17.5,2060,30,3.9,0, ,10,50,2.901785714,D,59.74,0,10,2750,4,0.002038736,0,4,2
504,22,21,10,1,18980,486,17.5,0,45,4.1,0, ,16,50,3.050595238,G,0,0,16,2450,5,0.003261978,0,5,3
505,22,22,10,1,18980,486,17.5,0,45,4.1,0, ,16,50,3.050595238,G,0,0,16,2450,5,0.003261978,0,15,9
506,22,23,0,0,NA,NA,NA,NA,NA,NA,NA,NA,NA,NA,NA,0,NA,NA,0,NA,0,NA,NA,0,0
507,23,1,0,0,NA,NA,NA,NA,NA,NA,NA,NA,NA,NA,NA,0,NA,NA,0,NA,0,NA,NA,0,0
508,23,2,0,0,NA,NA,NA,NA,NA,NA,NA,NA,NA,NA,NA,0,NA,NA,0,NA,0,NA,NA,0,0
509,23,3,0,0,NA,NA,NA,NA,NA,NA,NA,NA,NA,NA,NA,0,NA,NA,0,NA,0,NA,NA,0,0
510,23,4,0,0,NA,NA,NA,NA,NA,NA,NA,NA,NA,NA,NA,0,NA,NA,0,NA,0,NA,NA,0,0
511,23,5,0,0,NA,NA,NA,NA,NA,NA,NA,NA,NA,NA,NA,0,NA,NA,0,NA,0,NA,NA,0,0
512,23,6,10,1,18980,486,17.5,2280,50,1.5,0, ,11,10,1.116071429,N,66.12,0,11,1750,2,0.00224261,0,6,4
513,23,7,10,1,18980,486,17.5,2140,60,0.8,0, ,11,10,0.595238095,C,62.06,0,11,850,1,0.00224261,0,7,5
514,23,8,10,1,18980,486,17.5,2280,50,1.5,0, ,11,10,1.116071429,N,66.12,0,11,1750,2,0.00224261,0,7,6
515,23,9,10,1,18980,486,17.5,2280,50,1.5,0, ,11,10,1.116071429,N,66.12,0,11,1750,2,0.00224261,0,6,1
516,23,10,10,1,18980,486,17.5,2280,50,0.8,0, ,11,10,0.595238095,N,66.12,0,11,1750,1,0.00224261,0,7,14
517,23,11,10,1,18980,486,17.5,2140,60,0.8,0, ,12,10,0.595238095,C,62.06,0,12,850,1,0.002446483,0,9,12
518,23,12,10,1,18980,486,17.5,2140,60,0.8,0, ,12,10,0.595238095,C,62.06,0,12,850,1,0.002446483,0,4,14
519,23,13,10,1,18980,486,17.5,2140,60,0.8,0, ,12,10,0.595238095,C,62.06,0,12,850,1,0.002446483,0,11,4
520,23,14,9,1,18980,486,17.5,1470,10,0.1,40, ,0,10,0.074404762,B,42.63,1,12,1250,0,0,0,1,9
521,23,15,10,1,18980,486,17.5,2090,40,0.8,20, ,10,50,0.595238095,Y,60.61,0,10,2750,1,0.002038736,1,15,11
522,23,16,10,1,18980,486,17.5,2000,60,1.5,0, ,10,50,1.116071429,K,58,0,10,1300,2,0.002038736,0,6,10
523,23,17,10,1,18980,486,17.5,2000,60,1.5,0, ,10,50,1.116071429,K,58,0,10,1300,2,0.002038736,0,9,2
524,23,18,10,1,18980,486,17.5,2000,60,1.5,0, ,10,50,1.116071429,K,58,0,10,1300,2,0.002038736,0,7,6
525,23,19,10,1,18980,486,17.5,2210,30,2.2,0, ,10,50,1.636904762,M,64.09,0,10,2750,3,0.002038736,0,3,12
526,23,20,10,1,18980,486,17.5,0,45,4.1,0, ,10,50,3.050595238,G,0,0,10,2450,5,0.002038736,0,14,3
527,23,21,10,1,18980,486,17.5,0,45,4.1,0, ,16,50,3.050595238,G,0,0,16,2450,5,0.003261978,0,12,6
528,23,22,10,1,18980,486,17.5,0,45,4.1,0, ,16,50,3.050595238,G,0,0,16,2450,5,0.003261978,0,14,8
529,23,23,0,0,NA,NA,NA,NA,NA,NA,NA,NA,NA,NA,NA,0,NA,NA,0,NA,0,NA,NA,0,0
530,24,1,0,0,NA,NA,NA,NA,NA,NA,NA,NA,NA,NA,NA,0,NA,NA,0,NA,0,NA,NA,0,0
531,24,2,0,0,NA,NA,NA,NA,NA,NA,NA,NA,NA,NA,NA,0,NA,NA,0,NA,0,NA,NA,0,0
532,24,3,0,0,NA,NA,NA,NA,NA,NA,NA,NA,NA,NA,NA,0,NA,NA,0,NA,0,NA,NA,0,0
533,24,4,0,0,NA,NA,NA,NA,NA,NA,NA,NA,NA,NA,NA,0,NA,NA,0,NA,0,NA,NA,0,0
534,24,5,0,0,NA,NA,NA,NA,NA,NA,NA,NA,NA,NA,NA,0,NA,NA,0,NA,0,NA,NA,0,0
535,24,6,10,1,18980,486,17.5,2280,50,1.5,0, ,11,10,1.116071429,N,66.12,0,11,1750,2,0.00224261,0,5,4
536,24,7,10,1,18980,486,17.5,2080,30,2.2,0, ,11,10,1.636904762,A,60.32,0,11,2750,3,0.00224261,0,9,14
537,24,8,10,1,18980,486,17.5,2080,30,2.2,0, ,11,10,1.636904762,A,60.32,0,11,2750,3,0.00224261,0,11,10
538,24,9,10,1,18980,486,17.5,2140,60,0.8,0, ,11,10,0.595238095,C,62.06,0,11,850,1,0.00224261,0,12,3
539,24,10,10,1,18980,486,17.5,2140,60,0.8,0, ,11,10,0.595238095,C,62.06,0,11,850,1,0.00224261,0,4,5
540,24,11,10,1,18980,486,17.5,2140,60,0.8,0, ,12,10,0.595238095,C,62.06,0,12,850,1,0.002446483,0,1,6
541,24,12,10,1,18980,486,17.5,2140,60,0.8,0, ,12,10,0.595238095,C,62.06,0,12,850,1,0.002446483,0,7,4
542,24,13,10,1,18980,486,17.5,2100,60,0.1,20, ,12,10,0.074404762,L,60.9,0,12,850,0,0.002446483,1,11,7
543,24,14,9.25,1,18980,486,17.5,2100,60,0.1,20, ,0,10,0.074404762,L,60.9,1,12,850,0,0,0,6,9
544,24,15,9,1,18980,486,17.5,2100,60,0.1,20, ,0,10,0.074404762,L,60.9,1,10,850,0,0,0,13,5
545,24,16,10,1,18980,486,17.5,2400,50,0.8,0, ,10,50,0.595238095,T,69.6,0,10,1750,1,0.002038736,0,15,10
546,24,17,10,1,18980,486,17.5,2000,60,1.5,0, ,10,50,1.116071429,K,58,0,10,1300,2,0.002038736,0,9,12
547,24,18,10,1,18980,486,17.5,2000,60,1.5,0, ,10,50,1.116071429,K,58,0,10,1300,2,0.002038736,0,1,2
548,24,19,10,1,18980,486,17.5,2210,30,2.2,0, ,10,50,1.636904762,M,64.09,0,10,2750,3,0.002038736,0,9,8
549,24,20,10,1,18980,486,17.5,0,45,4.1,0, ,16,50,3.050595238,G,0,0,16,2450,5,0.003261978,0,11,8
550,24,21,10,1,18980,486,17.5,2060,30,3.9,0, ,16,50,2.901785714,D,59.74,0,16,2750,4,0.003261978,0,11,5
551,24,22,10,1,18980,486,17.5,2060,30,3.9,0, ,16,50,2.901785714,D,59.74,0,16,2750,4,0.003261978,0,5,9
552,24,23,10,1,18980,486,17.5,0,45,4.1,0, ,16,50,3.050595238,G,0,0,16,2450,5,0.003261978,0,2,14
553,25,1,0,0,NA,NA,NA,NA,NA,NA,NA,NA,NA,NA,NA,0,NA,NA,0,NA,0,NA,NA,0,0
554,25,2,0,0,NA,NA,NA,NA,NA,NA,NA,NA,NA,NA,NA,0,NA,NA,0,NA,0,NA,NA,0,0
555,25,3,0,0,NA,NA,NA,NA,NA,NA,NA,NA,NA,NA,NA,0,NA,NA,0,NA,0,NA,NA,0,0
556,25,4,0,0,NA,NA,NA,NA,NA,NA,NA,NA,NA,NA,NA,0,NA,NA,0,NA,0,NA,NA,0,0
557,25,5,0,0,NA,NA,NA,NA,NA,NA,NA,NA,NA,NA,NA,0,NA,NA,0,NA,0,NA,NA,0,0
558,25,6,10,1,18980,486,17.5,2140,60,0.8,0, ,11,10,0.595238095,C,62.06,0,11,850,1,0.00224261,0,14,5
559,25,7,10,1,18980,486,17.5,2140,60,0.8,0, ,11,10,0.595238095,C,62.06,0,11,850,1,0.00224261,0,8,10
560,25,8,10,1,18980,486,17.5,2080,30,2.2,0, ,11,10,1.636904762,A,60.32,0,11,2750,3,0.00224261,0,7,9
561,25,9,10,1,18980,486,17.5,2080,30,2.2,0, ,11,10,1.636904762,A,60.32,0,11,2750,3,0.00224261,0,2,12
562,25,10,10,1,18980,486,17.5,2280,50,1.5,0, ,11,10,1.116071429,N,66.12,0,11,1750,2,0.00224261,0,10,13
563,25,11,10,1,18980,486,17.5,2280,50,1.5,0, ,12,10,1.116071429,N,66.12,0,12,1750,2,0.002446483,0,9,1
564,25,12,10,1,18980,486,17.5,2140,60,0.8,0, ,12,10,0.595238095,C,62.06,0,12,850,1,0.002446483,0,11,1
565,25,13,10,1,18980,486,17.5,2140,60,0.8,0, ,12,10,0.595238095,C,62.06,0,12,850,1,0.002446483,0,10,8
566,25,14,10,1,18980,486,17.5,2100,60,0.8,20, ,13,10,0.595238095,L,60.9,0,13,850,1,0.002650357,0,3,6
567,25,15,8.75,1,18980,486,17.5,2100,60,0.1,20, ,0,10,0.074404762,L,60.9,1,10,850,0,0,0,10,8
568,25,16,10,1,18980,486,17.5,2400,50,0.8,0, ,10,50,0.595238095,T,69.6,0,10,1750,1,0.002038736,0,12,15
569,25,17,10,1,18980,486,17.5,2000,60,1.5,0, ,10,50,1.116071429,K,58,0,10,1300,2,0.002038736,0,14,13
570,25,18,10,1,18980,486,17.5,2060,30,3.9,0, ,10,50,2.901785714,D,59.74,0,10,2750,4,0.002038736,0,11,4
571,25,19,10,1,18980,486,17.5,2060,30,3.9,0, ,16,50,2.901785714,D,59.74,0,16,2750,4,0.003261978,0,15,8
572,25,20,10,1,18980,486,17.5,2060,30,3.9,0, ,16,50,2.901785714,D,59.74,0,16,2750,4,0.003261978,0,4,7
573,25,21,10,1,18980,486,17.5,2000,60,1.5,0, ,16,50,1.116071429,K,58,0,16,1300,2,0.003261978,0,7,9
574,25,22,10,1,18980,486,17.5,2210,30,2.2,0, ,16,50,1.636904762,M,64.09,0,16,2750,3,0.003261978,0,3,4
575,25,23,10,1,18980,486,17.5,2210,30,2.2,0, ,16,50,1.636904762,M,64.09,0,16,2750,3,0.003261978,0,4,11
576,26,1,0,0,NA,NA,NA,NA,NA,NA,NA,NA,NA,NA,NA,0,NA,NA,0,NA,0,NA,NA,0,0
577,26,2,0,0,NA,NA,NA,NA,NA,NA,NA,NA,NA,NA,NA,0,NA,NA,0,NA,0,NA,NA,0,0
578,26,3,0,0,NA,NA,NA,NA,NA,NA,NA,NA,NA,NA,NA,0,NA,NA,0,NA,0,NA,NA,0,0
579,26,4,0,0,NA,NA,NA,NA,NA,NA,NA,NA,NA,NA,NA,0,NA,NA,0,NA,0,NA,NA,0,0
580,26,5,0,0,NA,NA,NA,NA,NA,NA,NA,NA,NA,NA,NA,0,NA,NA,0,NA,0,NA,NA,0,0
581,26,6,10,1,18980,486,17.5,2140,60,0.8,0, ,11,10,0.595238095,C,62.06,0,11,850,1,0.00224261,0,7,4
582,26,7,10,1,18980,486,17.5,2140,60,0.8,0, ,12,10,0.595238095,C,62.06,0,12,850,1,0.002446483,0,6,7
583,26,8,10,1,18980,486,17.5,2140,60,0.8,0, ,12,10,0.595238095,C,62.06,0,12,850,1,0.002446483,0,15,9
584,26,9,10,1,18980,486,17.5,2280,50,1.5,0, ,12,10,1.116071429,N,66.12,0,12,1750,2,0.002446483,0,10,1
585,26,10,10,1,18980,486,17.5,2080,30,2.2,0, ,12,10,1.636904762,A,60.32,0,12,2750,3,0.002446483,0,14,13
586,26,11,10,1,18980,486,17.5,2280,50,1.5,0, ,12,10,1.116071429,N,66.12,0,12,1750,2,0.002446483,0,3,13
587,26,12,10,1,18980,486,17.5,2280,50,1.5,0, ,12,10,1.116071429,N,66.12,0,12,1750,2,0.002446483,0,2,6
588,26,13,10,1,18980,486,17.5,2140,60,0.8,0, ,12,10,0.595238095,C,62.06,0,12,850,1,0.002446483,0,7,13
589,26,14,10,1,18980,486,17.5,2140,60,0.8,0, ,13,10,0.595238095,C,62.06,0,13,850,1,0.002650357,0,9,8
590,26,15,9,1,18980,486,17.5,2090,40,0.1,20, ,0,10,0.074404762,Y,60.61,1,13,2750,0,0,0,14,9
591,26,16,9.25,1,18980,486,17.5,2090,40,0.1,20, ,0,10,0.074404762,Y,60.61,1,14,2750,0,0,0,9,11
592,26,17,10,1,18980,486,17.5,2060,30,3.9,0, ,15,50,2.901785714,D,59.74,0,15,2750,4,0.003058104,0,13,3
593,26,18,10,1,18980,486,17.5,2060,30,3.9,0, ,15,50,2.901785714,D,59.74,0,15,2750,4,0.003058104,0,9,8
594,26,19,10,1,18980,486,17.5,2210,30,2.2,0, ,16,50,1.636904762,M,64.09,0,16,2750,3,0.003261978,0,14,7
595,26,20,10,1,18980,486,17.5,2350,30,1.5,0, ,16,50,1.116071429,Q,68.15,0,16,2750,2,0.003261978,0,4,13
596,26,21,10,1,18980,486,17.5,2000,60,1.5,0, ,16,50,1.116071429,K,58,0,16,1300,2,0.003261978,0,2,6
597,26,22,10,1,18980,486,17.5,2000,60,1.5,0, ,16,50,1.116071429,K,58,0,16,1300,2,0.003261978,0,12,14
598,26,23,0,0,NA,NA,NA,NA,NA,NA,NA,NA,NA,NA,NA,0,NA,NA,0,NA,0,NA,NA,0,0
599,27,1,0,0,NA,NA,NA,NA,NA,NA,NA,NA,NA,NA,NA,0,NA,NA,0,NA,0,NA,NA,0,0
600,27,2,0,0,NA,NA,NA,NA,NA,NA,NA,NA,NA,NA,NA,0,NA,NA,0,NA,0,NA,NA,0,0
601,27,3,0,0,NA,NA,NA,NA,NA,NA,NA,NA,NA,NA,NA,0,NA,NA,0,NA,0,NA,NA,0,0
602,27,4,0,0,NA,NA,NA,NA,NA,NA,NA,NA,NA,NA,NA,0,NA,NA,0,NA,0,NA,NA,0,0
603,27,5,0,0,NA,NA,NA,NA,NA,NA,NA,NA,NA,NA,NA,0,NA,NA,0,NA,0,NA,NA,0,0
604,27,6,0,0,NA,NA,NA,NA,NA,NA,NA,NA,NA,NA,NA,0,NA,NA,0,NA,0,NA,NA,0,0
605,27,7,10,1,18980,486,17.5,2140,60,0.8,0, ,12,10,0.595238095,C,62.06,0,12,850,1,0.002446483,0,14,2
606,27,8,10,1,18980,486,17.5,2140,60,0.8,0, ,12,10,0.595238095,C,62.06,0,12,850,1,0.002446483,0,12,11
607,27,9,10,1,18980,486,17.5,2140,60,0.8,0, ,12,10,0.595238095,C,62.06,0,12,850,1,0.002446483,0,11,14
608,27,10,10,1,18980,486,17.5,2140,60,0.8,0, ,12,10,0.595238095,C,62.06,0,12,850,1,0.002446483,0,12,8
609,27,11,10,1,18980,486,17.5,2140,60,0.8,0, ,12,10,0.595238095,C,62.06,0,12,850,1,0.002446483,0,1,12
610,27,12,10,1,18980,486,17.5,2280,50,1.5,0, ,12,10,1.116071429,N,66.12,0,12,1750,2,0.002446483,0,7,6
611,27,13,10,1,18980,486,17.5,2280,50,1.5,0, ,14,10,1.116071429,N,66.12,0,14,1750,2,0.00285423,0,3,6
612,27,14,10,1,18980,486,17.5,2280,50,1.5,0, ,14,10,1.116071429,N,66.12,0,14,1750,2,0.00285423,0,13,6
613,27,15,10,1,18980,486,17.5,2140,60,0.8,0, ,14,10,0.595238095,C,62.06,0,14,850,1,0.00285423,0,12,4
614,27,16,8.5,1,18980,486,17.5,1470,10,0.1,40, ,0,10,0.074404762,B,42.63,1,14,1250,0,0,0,8,12
615,27,17,10,1,18980,486,17.5,2060,30,3.9,0, ,15,50,2.901785714,D,59.74,0,15,2750,4,0.003058104,0,4,13
616,27,18,10,1,18980,486,17.5,2060,30,3.9,0, ,16,50,2.901785714,D,59.74,0,16,2750,4,0.003261978,0,12,2
617,27,19,10,1,18980,486,17.5,2210,30,2.2,0, ,16,50,1.636904762,M,64.09,0,16,2750,3,0.003261978,0,15,15
618,27,20,10,1,18980,486,17.5,2350,30,1.5,0, ,16,50,1.116071429,Q,68.15,0,16,2750,2,0.003261978,0,9,12
619,27,21,10,1,18980,486,17.5,2350,30,1.5,0, ,16,50,1.116071429,Q,68.15,0,16,2750,2,0.003261978,0,13,5
620,27,22,10,1,18980,486,17.5,2000,60,1.5,0, ,16,50,1.116071429,K,58,0,16,1300,2,0.003261978,0,4,11
621,27,23,0,0,NA,NA,NA,NA,NA,NA,NA,NA,NA,NA,NA,0,NA,NA,0,NA,0,NA,NA,0,0
622,28,1,0,0,NA,NA,NA,NA,NA,NA,NA,NA,NA,NA,NA,0,NA,NA,0,NA,0,NA,NA,0,0
623,28,2,0,0,NA,NA,NA,NA,NA,NA,NA,NA,NA,NA,NA,0,NA,NA,0,NA,0,NA,NA,0,0
624,28,3,0,0,NA,NA,NA,NA,NA,NA,NA,NA,NA,NA,NA,0,NA,NA,0,NA,0,NA,NA,0,0
625,28,4,0,0,NA,NA,NA,NA,NA,NA,NA,NA,NA,NA,NA,0,NA,NA,0,NA,0,NA,NA,0,0
626,28,5,0,0,NA,NA,NA,NA,NA,NA,NA,NA,NA,NA,NA,0,NA,NA,0,NA,0,NA,NA,0,0
627,28,6,0,0,NA,NA,NA,NA,NA,NA,NA,NA,NA,NA,NA,0,NA,NA,0,NA,0,NA,NA,0,0
628,28,7,10,1,18980,486,17.5,2140,60,0.8,0, ,12,10,0.595238095,C,62.06,0,12,850,1,0.002446483,0,10,2
629,28,8,10,1,18980,486,17.5,2140,60,0.8,0, ,12,10,0.595238095,C,62.06,0,12,850,1,0.002446483,0,10,15
630,28,9,10,1,18980,486,17.5,2140,60,0.8,0, ,12,10,0.595238095,C,62.06,0,12,850,1,0.002446483,0,14,2
631,28,10,10,1,18980,486,17.5,2140,60,0.8,0, ,12,10,0.595238095,C,62.06,0,12,850,1,0.002446483,0,8,14
632,28,11,10,1,18980,486,17.5,2140,60,0.8,0, ,12,10,0.595238095,C,62.06,0,12,850,1,0.002446483,0,9,7
633,28,12,10,1,18980,486,17.5,2140,60,0.8,0, ,12,10,0.595238095,C,62.06,0,12,850,1,0.002446483,0,10,15
634,28,13,10,1,18980,486,17.5,2140,60,0.8,0, ,18,10,0.595238095,C,62.06,0,18,850,1,0.003669725,0,3,8
635,28,14,10,1,18980,486,17.5,2280,50,1.5,0, ,14,10,1.116071429,N,66.12,0,14,1750,2,0.00285423,0,2,9
636,28,15,10,1,18980,486,17.5,2140,60,0.8,0, ,14,10,0.595238095,C,62.06,0,14,850,1,0.00285423,0,12,12
637,28,16,9.25,1,18980,486,17.5,1470,10,0.1,40, ,0,10,0.074404762,B,42.63,1,15,1250,0,0,0,4,5
638,28,17,9.25,1,18980,486,17.5,1470,10,0.1,40, ,0,10,0.074404762,B,42.63,1,15,1250,0,0,0,8,4
639,28,18,10,1,18980,486,17.5,2060,30,3.9,0, ,16,50,2.901785714,D,59.74,0,16,2750,4,0.003261978,0,3,14
640,28,19,10,1,18980,486,17.5,2350,30,0.8,0, ,16,50,0.595238095,Q,68.15,0,16,2750,1,0.003261978,0,12,15
641,28,20,10,1,18980,486,17.5,2350,30,1.5,0, ,16,50,1.116071429,Q,68.15,0,16,2750,2,0.003261978,0,2,15
642,28,21,10,1,18980,486,17.5,2350,30,1.5,0, ,16,50,1.116071429,Q,68.15,0,16,2750,2,0.003261978,0,10,11
643,28,22,0,0,NA,NA,NA,NA,NA,NA,NA,NA,NA,NA,NA,0,NA,NA,0,NA,0,NA,NA,0,0
644,28,23,0,0,NA,NA,NA,NA,NA,NA,NA,NA,NA,NA,NA,0,NA,NA,0,NA,0,NA,NA,0,0
645,29,1,0,0,NA,NA,NA,NA,NA,NA,NA,NA,NA,NA,NA,0,NA,NA,0,NA,0,NA,NA,0,0
646,29,2,0,0,NA,NA,NA,NA,NA,NA,NA,NA,NA,NA,NA,0,NA,NA,0,NA,0,NA,NA,0,0
647,29,3,0,0,NA,NA,NA,NA,NA,NA,NA,NA,NA,NA,NA,0,NA,NA,0,NA,0,NA,NA,0,0
648,29,4,0,0,NA,NA,NA,NA,NA,NA,NA,NA,NA,NA,NA,0,NA,NA,0,NA,0,NA,NA,0,0
649,29,5,0,0,NA,NA,NA,NA,NA,NA,NA,NA,NA,NA,NA,0,NA,NA,0,NA,0,NA,NA,0,0
650,29,6,0,0,NA,NA,NA,NA,NA,NA,NA,NA,NA,NA,NA,0,NA,NA,0,NA,0,NA,NA,0,0
651,29,7,0,0,NA,NA,NA,NA,NA,NA,NA,NA,NA,NA,NA,0,NA,NA,0,NA,0,NA,NA,0,0
652,29,8,10,1,18980,486,17.5,2140,60,0.8,0, ,12,10,0.595238095,C,62.06,0,12,850,1,0.002446483,0,1,14
653,29,9,10,1,18980,486,17.5,2140,60,0.8,0, ,12,10,0.595238095,C,62.06,0,12,850,1,0.002446483,0,5,15
654,29,10,10,1,18980,486,17.5,2140,60,0.8,0, ,17,10,0.595238095,C,62.06,0,17,850,1,0.003465851,0,3,14
655,29,11,10,1,18980,486,17.5,2140,60,0.8,0, ,17,10,0.595238095,C,62.06,0,17,850,1,0.003465851,0,2,9
656,29,12,10,1,18980,486,17.5,1790,70,0.1,50, ,17,10,0.074404762,O,51.91,0,17,850,0,0.003465851,1,7,14
657,29,13,10,1,18980,486,17.5,2140,60,0.8,0, ,18,10,0.595238095,C,62.06,0,18,850,1,0.003669725,0,9,7
658,29,14,10,1,18980,486,17.5,2280,50,1.5,0, ,18,10,1.116071429,N,66.12,0,18,1750,2,0.003669725,0,8,5
659,29,15,10,1,18980,486,17.5,2140,60,0.8,0, ,14,10,0.595238095,C,62.06,0,14,850,1,0.00285423,0,14,2
660,29,16,10,1,18980,486,17.5,2100,60,0.1,20, ,0,10,0.074404762,L,60.9,0,18,850,0,0,0,10,12
661,29,17,8.25,1,18980,486,17.5,2090,40,0.1,20, ,0,10,0.074404762,Y,60.61,1,18,2750,0,0,0,7,8
662,29,18,10,1,18980,486,17.5,2400,50,0.8,0, ,16,50,0.595238095,T,69.6,0,16,1750,1,0.003261978,0,6,6
663,29,19,10,1,18980,486,17.5,2400,50,0.8,0, ,16,50,0.595238095,T,69.6,0,16,1750,1,0.003261978,0,12,5
664,29,20,10,1,18980,486,17.5,2350,30,1.5,0, ,16,50,1.116071429,Q,68.15,0,16,2750,2,0.003261978,0,13,12
665,29,21,10,1,18980,486,17.5,2350,30,1.5,0, ,16,50,1.116071429,Q,68.15,0,16,2750,2,0.003261978,0,8,2
666,29,22,10,1,18980,486,17.5,2210,30,2.2,0, ,16,50,1.636904762,M,64.09,0,16,2750,3,0.003261978,0,7,11
667,29,23,0,0,NA,NA,NA,NA,NA,NA,NA,NA,NA,NA,NA,0,NA,NA,0,NA,0,NA,NA,0,0
668,30,1,0,0,NA,NA,NA,NA,NA,NA,NA,NA,NA,NA,NA,0,NA,NA,0,NA,0,NA,NA,0,0
669,30,2,0,0,NA,NA,NA,NA,NA,NA,NA,NA,NA,NA,NA,0,NA,NA,0,NA,0,NA,NA,0,0
670,30,3,0,0,NA,NA,NA,NA,NA,NA,NA,NA,NA,NA,NA,0,NA,NA,0,NA,0,NA,NA,0,0
671,30,4,0,0,NA,NA,NA,NA,NA,NA,NA,NA,NA,NA,NA,0,NA,NA,0,NA,0,NA,NA,0,0
672,30,5,0,0,NA,NA,NA,NA,NA,NA,NA,NA,NA,NA,NA,0,NA,NA,0,NA,0,NA,NA,0,0
673,30,6,0,0,NA,NA,NA,NA,NA,NA,NA,NA,NA,NA,NA,0,NA,NA,0,NA,0,NA,NA,0,0
674,30,7,0,0,NA,NA,NA,NA,NA,NA,NA,NA,NA,NA,NA,0,NA,NA,0,NA,0,NA,NA,0,0
675,30,8,10,1,18980,486,17.5,2140,60,0.8,0, ,12,10,0.595238095,C,62.06,0,12,850,1,0.002446483,0,2,3
676,30,9,10,1,18980,486,17.5,2140,60,0.8,0, ,12,10,0.595238095,C,62.06,0,12,850,1,0.002446483,0,10,11
677,30,10,10,1,18980,486,17.5,2140,60,0.8,0, ,17,10,0.595238095,C,62.06,0,17,850,1,0.003465851,0,15,4
678,30,11,10,1,18980,486,17.5,1790,70,0.1,50, ,17,10,0.074404762,O,51.91,0,17,850,0,0.003465851,1,6,5
679,30,12,10,1,18980,486,17.5,1790,70,0.1,50, ,17,10,0.074404762,O,51.91,0,17,850,0,0.003465851,1,8,10
680,30,13,10,1,18980,486,17.5,2140,60,0.8,0, ,18,10,0.595238095,C,62.06,0,18,850,1,0.003669725,0,10,4
681,30,14,10,1,18980,486,17.5,2140,60,0.8,0, ,18,10,0.595238095,C,62.06,0,18,850,1,0.003669725,0,12,10
682,30,15,10,1,18980,486,17.5,2140,60,0.8,0, ,18,10,0.595238095,C,62.06,0,18,850,1,0.003669725,0,2,12
683,30,16,10,1,18980,486,17.5,2140,60,0.8,0, ,18,10,0.595238095,C,62.06,0,18,850,1,0.003669725,0,8,13
684,30,17,8.25,1,18980,486,17.5,2100,60,0.1,20, ,0,10,0.074404762,L,60.9,1,18,850,0,0,0,11,4
685,30,18,10,1,18980,486,17.5,2090,40,0.8,20, ,16,50,0.595238095,Y,60.61,0,16,2750,1,0.003261978,1,4,3
686,30,19,10,1,18980,486,17.5,2400,50,0.8,0, ,16,50,0.595238095,T,69.6,0,16,1750,1,0.003261978,0,11,4
687,30,20,10,1,18980,486,17.5,2350,30,1.5,0, ,16,50,1.116071429,Q,68.15,0,16,2750,2,0.003261978,0,5,7
688,30,21,10,1,18980,486,17.5,2210,30,2.2,0, ,16,50,1.636904762,M,64.09,0,16,2750,3,0.003261978,0,2,11
689,30,22,0,0,NA,NA,NA,NA,NA,NA,NA,NA,NA,NA,NA,0,NA,NA,0,NA,0,NA,NA,0,0
690,30,23,0,0,NA,NA,NA,NA,NA,NA,NA,NA,NA,NA,NA,0,NA,NA,0,NA,0,NA,NA,0,0
691,31,1,0,0,NA,NA,NA,NA,NA,NA,NA,NA,NA,NA,NA,0,NA,NA,0,NA,0,NA,NA,0,0
692,31,2,0,0,NA,NA,NA,NA,NA,NA,NA,NA,NA,NA,NA,0,NA,NA,0,NA,0,NA,NA,0,0
693,31,3,0,0,NA,NA,NA,NA,NA,NA,NA,NA,NA,NA,NA,0,NA,NA,0,NA,0,NA,NA,0,0
694,31,4,0,0,NA,NA,NA,NA,NA,NA,NA,NA,NA,NA,NA,0,NA,NA,0,NA,0,NA,NA,0,0
695,31,5,0,0,NA,NA,NA,NA,NA,NA,NA,NA,NA,NA,NA,0,NA,NA,0,NA,0,NA,NA,0,0
696,31,6,0,0,NA,NA,NA,NA,NA,NA,NA,NA,NA,NA,NA,0,NA,NA,0,NA,0,NA,NA,0,0
697,31,7,0,0,NA,NA,NA,NA,NA,NA,NA,NA,NA,NA,NA,0,NA,NA,0,NA,0,NA,NA,0,0
698,31,8,10,1,18980,486,17.5,2140,60,0.8,0, ,12,10,0.595238095,C,62.06,0,12,850,1,0.002446483,0,2,10
699,31,9,10,1,18980,486,17.5,2140,60,0.8,0, ,17,10,0.595238095,C,62.06,0,17,850,1,0.003465851,0,10,1
700,31,10,10,1,18980,486,17.5,2140,60,0.8,0, ,17,10,0.595238095,C,62.06,0,17,850,1,0.003465851,0,4,5
701,31,11,10,1,18980,486,17.5,2140,60,0.8,0, ,17,10,0.595238095,C,62.06,0,17,850,1,0.003465851,0,14,3
702,31,12,10,1,18980,486,17.5,1790,70,0.1,50, ,17,10,0.074404762,O,51.91,0,17,850,0,0.003465851,1,3,1
703,31,13,10,1,18980,486,17.5,2140,60,0.8,0, ,18,10,0.595238095,C,62.06,0,18,850,1,0.003669725,0,7,7
704,31,14,10,1,18980,486,17.5,2140,60,0.8,0, ,18,10,0.595238095,C,62.06,0,18,850,1,0.003669725,0,4,9
705,31,15,10,1,18980,486,17.5,2140,60,0.8,0, ,18,10,0.595238095,C,62.06,0,18,850,1,0.003669725,0,8,2
706,31,16,10,1,18980,486,17.5,2140,60,0.1,0, ,18,10,0.074404762,C,62.06,0,18,850,0,0.003669725,1,5,6
707,31,17,9,1,18980,486,17.5,2100,60,0.1,20, ,0,10,0.074404762,L,60.9,1,18,850,0,0,0,5,1
708,31,18,9,1,18980,486,17.5,2090,40,0.1,20, ,0,10,0.074404762,Y,60.61,1,16,2750,0,0,0,12,9
709,31,19,10,1,18980,486,17.5,2400,50,0.8,0, ,16,50,0.595238095,T,69.6,0,16,1750,1,0.003261978,0,4,12
710,31,20,10,1,18980,486,17.5,2350,30,1.5,0, ,16,50,1.116071429,Q,68.15,0,16,2750,2,0.003261978,0,6,13
711,31,21,10,1,18980,486,17.5,2210,30,2.2,0, ,16,50,1.636904762,M,64.09,0,16,2750,3,0.003261978,0,1,13
712,31,22,10,1,18980,486,17.5,2000,60,1.5,0, ,16,50,1.116071429,K,58,0,16,1300,2,0.003261978,0,8,4
713,31,23,0,0,NA,NA,NA,NA,NA,NA,NA,NA,NA,NA,NA,0,NA,NA,0,NA,0,NA,NA,0,0
714,32,1,0,0,NA,NA,NA,NA,NA,NA,NA,NA,NA,NA,NA,0,NA,NA,0,NA,0,NA,NA,0,0
715,32,2,0,0,NA,NA,NA,NA,NA,NA,NA,NA,NA,NA,NA,0,NA,NA,0,NA,0,NA,NA,0,0
716,32,3,0,0,NA,NA,NA,NA,NA,NA,NA,NA,NA,NA,NA,0,NA,NA,0,NA,0,NA,NA,0,0
717,32,4,0,0,NA,NA,NA,NA,NA,NA,NA,NA,NA,NA,NA,0,NA,NA,0,NA,0,NA,NA,0,0
718,32,5,0,0,NA,NA,NA,NA,NA,NA,NA,NA,NA,NA,NA,0,NA,NA,0,NA,0,NA,NA,0,0
719,32,6,0,0,NA,NA,NA,NA,NA,NA,NA,NA,NA,NA,NA,0,NA,NA,0,NA,0,NA,NA,0,0
720,32,7,0,0,NA,NA,NA,NA,NA,NA,NA,NA,NA,NA,NA,0,NA,NA,0,NA,0,NA,NA,0,0
721,32,8,10,1,18980,486,17.5,2140,60,0.8,0, ,12,10,0.595238095,C,62.06,0,12,850,1,0.002446483,0,3,8
722,32,9,10,1,18980,486,17.5,2140,60,0.8,0, ,17,10,0.595238095,C,62.06,0,17,850,1,0.003465851,0,3,2
723,32,10,10,1,18980,486,17.5,2140,60,0.8,0, ,17,10,0.595238095,C,62.06,0,17,850,1,0.003465851,0,10,7
724,32,11,10,1,18980,486,17.5,2140,60,0.8,0, ,18,10,0.595238095,C,62.06,0,18,850,1,0.003669725,0,7,15
725,32,12,10,1,18980,486,17.5,2140,60,0.8,0, ,18,10,0.595238095,C,62.06,0,18,850,1,0.003669725,0,13,9
726,32,13,10,1,18980,486,17.5,2140,60,0.8,0, ,18,10,0.595238095,C,62.06,0,18,850,1,0.003669725,0,1,11
727,32,14,10,1,18980,486,17.5,2140,60,0.8,0, ,18,10,0.595238095,C,62.06,0,18,850,1,0.003669725,0,13,7
728,32,15,10,1,18980,486,17.5,2140,60,0.8,0, ,18,10,0.595238095,C,62.06,0,18,850,1,0.003669725,0,1,15
729,32,16,10,1,18980,486,17.5,2140,60,0.8,0, ,18,10,0.595238095,C,62.06,0,18,850,1,0.003669725,0,14,6
730,32,17,10,1,18980,486,17.5,2140,60,0.8,0, ,19,10,0.595238095,C,62.06,0,19,850,1,0.003873598,0,3,2
731,32,18,8,1,18980,486,17.5,1470,10,0.1,40, ,0,10,0.074404762,B,42.63,1,16,1250,0,0,0,7,11
732,32,19,10,1,18980,486,17.5,2400,50,0.8,0, ,16,50,0.595238095,T,69.6,0,16,1750,1,0.003261978,0,3,8
733,32,20,10,1,18980,486,17.5,2210,30,2.2,0, ,21,50,1.636904762,M,64.09,0,21,2750,3,0.004281346,0,2,14
734,32,21,10,1,18980,486,17.5,2210,30,2.2,0, ,21,50,1.636904762,M,64.09,0,21,2750,3,0.004281346,0,10,14
735,32,22,10,1,18980,486,17.5,2000,60,1.5,0, ,21,50,1.116071429,K,58,0,21,1300,2,0.004281346,0,4,10
736,32,23,0,0,NA,NA,NA,NA,NA,NA,NA,NA,NA,NA,NA,0,NA,NA,0,NA,0,NA,NA,0,0
737,33,1,0,0,NA,NA,NA,NA,NA,NA,NA,NA,NA,NA,NA,0,NA,NA,0,NA,0,NA,NA,0,0
738,33,2,0,0,NA,NA,NA,NA,NA,NA,NA,NA,NA,NA,NA,0,NA,NA,0,NA,0,NA,NA,0,0
739,33,3,0,0,NA,NA,NA,NA,NA,NA,NA,NA,NA,NA,NA,0,NA,NA,0,NA,0,NA,NA,0,0
740,33,4,0,0,NA,NA,NA,NA,NA,NA,NA,NA,NA,NA,NA,0,NA,NA,0,NA,0,NA,NA,0,0
741,33,5,0,0,NA,NA,NA,NA,NA,NA,NA,NA,NA,NA,NA,0,NA,NA,0,NA,0,NA,NA,0,0
742,33,6,0,0,NA,NA,NA,NA,NA,NA,NA,NA,NA,NA,NA,0,NA,NA,0,NA,0,NA,NA,0,0
743,33,7,0,0,NA,NA,NA,NA,NA,NA,NA,NA,NA,NA,NA,0,NA,NA,0,NA,0,NA,NA,0,0
744,33,8,0,0,NA,NA,NA,NA,NA,NA,NA,NA,NA,NA,NA,0,NA,NA,0,NA,0,NA,NA,0,0
745,33,9,0,0,NA,NA,NA,NA,NA,NA,NA,NA,NA,NA,NA,0,NA,NA,0,NA,0,NA,NA,0,0
746,33,10,10,1,18980,486,17.5,2140,60,0.8,0, ,18,10,0.595238095,C,62.06,0,18,850,1,0.003669725,0,1,4
747,33,11,10,1,18980,486,17.5,2140,60,0.8,0, ,18,10,0.595238095,C,62.06,0,18,850,1,0.003669725,0,15,13
748,33,12,10,1,18980,486,17.5,2280,50,0.8,0, ,18,10,0.595238095,N,66.12,0,18,1750,1,0.003669725,0,10,3
749,33,13,10,1,18980,486,17.5,2280,50,1.5,0, ,18,10,1.116071429,N,66.12,0,18,1750,2,0.003669725,0,3,3
750,33,14,10,1,18980,486,17.5,2280,50,1.5,0, ,18,10,1.116071429,N,66.12,0,18,1750,2,0.003669725,0,6,12
751,33,15,10,1,18980,486,17.5,2140,60,0.8,0, ,18,10,0.595238095,C,62.06,0,18,850,1,0.003669725,0,1,15
752,33,16,10,1,18980,486,17.5,2140,60,0.8,0, ,19,10,0.595238095,C,62.06,0,19,850,1,0.003873598,0,4,10
753,33,17,10,1,18980,486,17.5,2140,60,0.8,0, ,19,10,0.595238095,C,62.06,0,19,850,1,0.003873598,0,5,5
754,33,18,7.75,1,18980,486,17.5,1470,10,0.1,40, ,0,10,0.074404762,B,42.63,1,19,1250,0,0,0,11,8
755,33,19,10,1,18980,486,17.5,2210,30,2.2,0, ,21,50,1.636904762,M,64.09,0,21,2750,3,0.004281346,0,2,1
756,33,20,10,1,18980,486,17.5,2000,60,1.5,0, ,21,50,1.116071429,K,58,0,21,1300,2,0.004281346,0,7,2
757,33,21,10,1,18980,486,17.5,2000,60,1.5,0, ,21,50,1.116071429,K,58,0,21,1300,2,0.004281346,0,11,9
758,33,22,0,0,NA,NA,NA,NA,NA,NA,NA,NA,NA,NA,NA,0,NA,NA,0,NA,0,NA,NA,0,0
759,33,23,0,0,NA,NA,NA,NA,NA,NA,NA,NA,NA,NA,NA,0,NA,NA,0,NA,0,NA,NA,0,0
760,34,1,0,0,NA,NA,NA,NA,NA,NA,NA,NA,NA,NA,NA,0,NA,NA,0,NA,0,NA,NA,0,0
761,34,2,0,0,NA,NA,NA,NA,NA,NA,NA,NA,NA,NA,NA,0,NA,NA,0,NA,0,NA,NA,0,0
762,34,3,0,0,NA,NA,NA,NA,NA,NA,NA,NA,NA,NA,NA,0,NA,NA,0,NA,0,NA,NA,0,0
763,34,4,0,0,NA,NA,NA,NA,NA,NA,NA,NA,NA,NA,NA,0,NA,NA,0,NA,0,NA,NA,0,0
764,34,5,0,0,NA,NA,NA,NA,NA,NA,NA,NA,NA,NA,NA,0,NA,NA,0,NA,0,NA,NA,0,0
765,34,6,0,0,NA,NA,NA,NA,NA,NA,NA,NA,NA,NA,NA,0,NA,NA,0,NA,0,NA,NA,0,0
766,34,7,0,0,NA,NA,NA,NA,NA,NA,NA,NA,NA,NA,NA,0,NA,NA,0,NA,0,NA,NA,0,0
767,34,8,0,0,NA,NA,NA,NA,NA,NA,NA,NA,NA,NA,NA,0,NA,NA,0,NA,0,NA,NA,0,0
768,34,9,0,0,NA,NA,NA,NA,NA,NA,NA,NA,NA,NA,NA,0,NA,NA,0,NA,0,NA,NA,0,0
769,34,10,10,1,18980,486,17.5,2140,60,0.8,0, ,18,10,0.595238095,C,62.06,0,18,850,1,0.003669725,0,2,12
770,34,11,10,1,18980,486,17.5,2140,60,0.8,0, ,18,10,0.595238095,C,62.06,0,18,850,1,0.003669725,0,15,7
771,34,12,0,0,NA,NA,NA,NA,NA,NA,NA,NA,NA,NA,NA,0,NA,NA,0,NA,0,NA,NA,0,0
772,34,13,0,0,NA,NA,NA,NA,NA,NA,NA,NA,NA,NA,NA,0,NA,NA,0,NA,0,NA,NA,0,0
773,34,14,10,1,18980,486,17.5,2080,30,2.2,0, ,18,10,1.636904762,A,60.32,0,18,2750,3,0.003669725,0,13,13
774,34,15,10,1,18980,486,17.5,2080,30,2.2,0, ,18,10,1.636904762,A,60.32,0,18,2750,2,0.003669725,0,11,10
775,34,16,10,1,18980,486,17.5,2080,30,2.2,0, ,19,10,1.636904762,A,60.32,0,19,2750,2,0.003873598,0,11,15
776,34,17,10,1,18980,486,17.5,2140,60,0.8,0, ,19,10,0.595238095,C,62.06,0,19,850,1,0.003873598,0,8,15
777,34,18,7.75,1,18980,486,17.5,1470,10,0.1,40, ,0,10,0.074404762,B,42.63,1,19,1250,0,0,0,7,13
778,34,19,10,1,18980,486,17.5,2400,50,0.8,0, ,21,50,0.595238095,T,69.6,0,21,1750,1,0.004281346,0,11,3
779,34,20,10,1,18980,486,17.5,2400,50,0.8,0, ,21,50,0.595238095,T,69.6,0,21,1750,1,0.004281346,0,11,3
780,34,21,10,1,18980,486,17.5,2000,60,1.5,0, ,21,50,1.116071429,K,58,0,21,1300,2,0.004281346,0,2,4
781,34,22,0,0,NA,NA,NA,NA,NA,NA,NA,NA,NA,NA,NA,0,NA,NA,0,NA,0,NA,NA,0,0
782,34,23,0,0,NA,NA,NA,NA,NA,NA,NA,NA,NA,NA,NA,0,NA,NA,0,NA,0,NA,NA,0,0
783,35,1,0,0,NA,NA,NA,NA,NA,NA,NA,NA,NA,NA,NA,0,NA,NA,0,NA,0,NA,NA,0,0
784,35,2,0,0,NA,NA,NA,NA,NA,NA,NA,NA,NA,NA,NA,0,NA,NA,0,NA,0,NA,NA,0,0
785,35,3,0,0,NA,NA,NA,NA,NA,NA,NA,NA,NA,NA,NA,0,NA,NA,0,NA,0,NA,NA,0,0
786,35,4,0,0,NA,NA,NA,NA,NA,NA,NA,NA,NA,NA,NA,0,NA,NA,0,NA,0,NA,NA,0,0
787,35,5,0,0,NA,NA,NA,NA,NA,NA,NA,NA,NA,NA,NA,0,NA,NA,0,NA,0,NA,NA,0,0
788,35,6,0,0,NA,NA,NA,NA,NA,NA,NA,NA,NA,NA,NA,0,NA,NA,0,NA,0,NA,NA,0,0
789,35,7,0,0,NA,NA,NA,NA,NA,NA,NA,NA,NA,NA,NA,0,NA,NA,0,NA,0,NA,NA,0,0
790,35,8,0,0,NA,NA,NA,NA,NA,NA,NA,NA,NA,NA,NA,0,NA,NA,0,NA,0,NA,NA,0,0
791,35,9,0,0,NA,NA,NA,NA,NA,NA,NA,NA,NA,NA,NA,0,NA,NA,0,NA,0,NA,NA,0,0
792,35,10,0,0,NA,NA,NA,NA,NA,NA,NA,NA,NA,NA,NA,0,NA,NA,0,NA,0,NA,NA,0,0
793,35,11,0,0,NA,NA,NA,NA,NA,NA,NA,NA,NA,NA,NA,0,NA,NA,0,NA,0,NA,NA,0,0
794,35,12,0,0,NA,NA,NA,NA,NA,NA,NA,NA,NA,NA,NA,0,NA,NA,0,NA,0,NA,NA,0,0
795,35,13,0,0,NA,NA,NA,NA,NA,NA,NA,NA,NA,NA,NA,0,NA,NA,0,NA,0,NA,NA,0,0
796,35,14,0,0,NA,NA,NA,NA,NA,NA,NA,NA,NA,NA,NA,0,NA,NA,0,NA,0,NA,NA,0,0
797,35,15,0,0,NA,NA,NA,NA,NA,NA,NA,NA,NA,NA,NA,0,NA,NA,0,NA,0,NA,NA,0,0
798,35,16,10,1,18980,486,17.5,2140,60,0.8,0, ,19,10,0.595238095,C,62.06,0,19,850,1,0.003873598,0,8,8
799,35,17,10,1,18980,486,17.5,2140,60,0.8,0, ,20,10,0.595238095,C,62.06,0,20,850,1,0.004077472,0,11,11
800,35,18,8.75,1,18980,486,17.5,1470,10,0.1,40, ,0,10,0.074404762,B,42.63,1,20,1250,0,0,0,2,7
801,35,19,8.75,1,18980,486,17.5,2090,40,0.1,20, ,0,10,0.074404762,Y,60.61,1,21,2750,0,0,0,8,5
802,35,20,10,1,18980,486,17.5,2400,50,0.8,0, ,21,50,0.595238095,T,69.6,0,21,1750,1,0.004281346,0,11,11
803,35,21,0,0,NA,NA,NA,NA,NA,NA,NA,NA,NA,NA,NA,0,NA,NA,0,NA,0,NA,NA,0,0
804,35,22,0,0,NA,NA,NA,NA,NA,NA,NA,NA,NA,NA,NA,0,NA,NA,0,NA,0,NA,NA,0,0
805,35,23,0,0,NA,NA,NA,NA,NA,NA,NA,NA,NA,NA,NA,0,NA,NA,0,NA,0,NA,NA,0,0
806,36,1,0,0,NA,NA,NA,NA,NA,NA,NA,NA,NA,NA,NA,0,NA,NA,0,NA,0,NA,NA,0,0
807,36,2,0,0,NA,NA,NA,NA,NA,NA,NA,NA,NA,NA,NA,0,NA,NA,0,NA,0,NA,NA,0,0
808,36,3,0,0,NA,NA,NA,NA,NA,NA,NA,NA,NA,NA,NA,0,NA,NA,0,NA,0,NA,NA,0,0
809,36,4,0,0,NA,NA,NA,NA,NA,NA,NA,NA,NA,NA,NA,0,NA,NA,0,NA,0,NA,NA,0,0
810,36,5,0,0,NA,NA,NA,NA,NA,NA,NA,NA,NA,NA,NA,0,NA,NA,0,NA,0,NA,NA,0,0
811,36,6,0,0,NA,NA,NA,NA,NA,NA,NA,NA,NA,NA,NA,0,NA,NA,0,NA,0,NA,NA,0,0
812,36,7,0,0,NA,NA,NA,NA,NA,NA,NA,NA,NA,NA,NA,0,NA,NA,0,NA,0,NA,NA,0,0
813,36,8,0,0,NA,NA,NA,NA,NA,NA,NA,NA,NA,NA,NA,0,NA,NA,0,NA,0,NA,NA,0,0
814,36,9,0,0,NA,NA,NA,NA,NA,NA,NA,NA,NA,NA,NA,0,NA,NA,0,NA,0,NA,NA,0,0
815,36,10,0,0,NA,NA,NA,NA,NA,NA,NA,NA,NA,NA,NA,0,NA,NA,0,NA,0,NA,NA,0,0
816,36,11,0,0,NA,NA,NA,NA,NA,NA,NA,NA,NA,NA,NA,0,NA,NA,0,NA,0,NA,NA,0,0
817,36,12,0,0,NA,NA,NA,NA,NA,NA,NA,NA,NA,NA,NA,0,NA,NA,0,NA,0,NA,NA,0,0
818,36,13,0,0,NA,NA,NA,NA,NA,NA,NA,NA,NA,NA,NA,0,NA,NA,0,NA,0,NA,NA,0,0
819,36,14,0,0,NA,NA,NA,NA,NA,NA,NA,NA,NA,NA,NA,0,NA,NA,0,NA,0,NA,NA,0,0
820,36,15,0,0,NA,NA,NA,NA,NA,NA,NA,NA,NA,NA,NA,0,NA,NA,0,NA,0,NA,NA,0,0
821,36,16,0,0,NA,NA,NA,NA,NA,NA,NA,NA,NA,NA,NA,0,NA,NA,0,NA,0,NA,NA,0,0
822,36,17,10,1,18980,486,17.5,2140,60,0.8,0, ,20,10,0.595238095,C,62.06,0,20,850,1,0.004077472,0,13,5
823,36,18,10,1,18980,486,17.5,2140,60,0.8,0, ,20,10,0.595238095,C,62.06,0,20,850,1,0.004077472,0,11,2
824,36,19,7.5,1,18980,486,17.5,2090,40,0.1,20, ,0,10,0.074404762,Y,60.61,1,21,2750,0,0,0,2,10
825,36,20,10,1,18980,486,17.5,2400,50,0.8,0, ,21,50,0.595238095,T,69.6,0,21,1750,1,0.004281346,0,13,8
826,36,21,0,0,NA,NA,NA,NA,NA,NA,NA,NA,NA,NA,NA,0,NA,NA,0,NA,0,NA,NA,0,0
827,36,22,0,0,NA,NA,NA,NA,NA,NA,NA,NA,NA,NA,NA,0,NA,NA,0,NA,0,NA,NA,0,0
828,36,23,0,0,NA,NA,NA,NA,NA,NA,NA,NA,NA,NA,NA,0,NA,NA,0,NA,0,NA,NA,0,0
